1807.551409 1847.368515 1830.707105 1838.323805 1839.463204 1798.375550 1880.721963 1789.930645 1782.541500 1826.410258 1854.972729 1939.463384 1900.386542 1923.164807 1907.287840 1926.526811 1872.798339 1974.312699 1918.031200 2134.503922 1967.757572 2079.118292 2166.249002 2029.687971 2028.541654 1968.713819 1963.568827 2001.129202 1983.175895 2060.961733
1788.258065 1862.654008 2008.685485 1865.037845 1788.166387 1809.691290 1807.759135 1821.311798 1817.262107 1860.111276 1916.012750 1872.284783 1890.741832 1873.978268 1982.204287 1918.487116 1969.614050 1949.071248 2069.725015 2086.578402 1904.180082 2019.529881 2051.651250 2072.994319 1947.885422 1932.361809 1856.105118 2002.635123 1934.672639 2051.503195
1932.504285 1820.943663 1923.482815 1987.242457 1780.554599 1897.662290 1896.443526 1820.949623 1864.875147 1841.703927 1863.579916 1927.752662 1896.396879 1970.656356 1890.896709 1924.786570 1902.176529 1996.904577 2085.289363 2112.454695 1869.271802 2171.218860 2132.350838 2148.115984 2043.608481 1977.390676 1975.506620 2007.186441 2025.871094 2027.366978
1912.548783 1855.115368 1911.877815 1891.204385 1872.473979 1844.079484 1776.663064 1817.484569 1948.463065 1891.508281 1847.447570 1863.526066 1958.166822 1890.802616 1940.525280 1938.120500 1903.828725 1933.919124 2093.009977 2041.021779 2053.277929 2093.430117 2080.322729 1980.639537 2064.370596 1964.082194 1874.138425 2055.182208 1911.075393 2054.793487
1920.323024 1819.774356 1996.625035 1889.003569 1852.557025 1846.650675 1795.740442 1833.283059 1892.381732 1755.631599 1761.473845 1882.248009 1894.529022 1967.807726 1844.351436 1858.150229 1969.589916 2028.186070 2028.758933 1969.608547 2063.279208 2020.636326 2157.449657 2054.609716 1994.465379 1949.409358 1904.928716 1949.637273 1918.785694 1991.029879
1956.087444 1915.255364 1831.908252 1841.771217 1837.315927 1862.322141 1890.423545 1796.864034 1746.582405 1750.134209 1916.803008 1851.330570 1804.332473 1890.396471 1960.898882 1934.138253 1836.318598 1985.836793 2049.617106 1957.384470 2035.338894 2121.446443 2025.563792 2030.944937 1963.073793 2054.847555 2011.366992 2011.910540 1984.084329 1977.102079
1920.817376 1855.983671 1874.975757 1907.826223 1912.330542 1885.331046 1830.997980 1831.645774 1871.565876 1830.208793 1894.390780 1843.332166 1890.782031 1901.853164 1939.273010 1955.612056 1747.217741 1925.716230 1956.386636 1999.938363 2067.711012 2116.203213 2119.195015 2038.795313 2030.916830 1955.404284 1990.745022 1925.625148 1982.771784 2037.697858
2059.003791 1892.600370 1880.825126 1846.888126 1752.763609 1902.658027 1896.243612 1833.106324 1873.564774 1920.973250 1876.060560 1846.617262 1889.035040 1844.667646 1976.864297 1991.190941 1824.900491 1965.790241 2066.308789 2006.908933 2092.927270 1975.175333 1985.919636 2030.008463 1963.637737 1916.685309 2066.824320 2000.700489 1968.753275 1912.016763
1887.588200 1786.606843 1848.951069 1908.553504 1858.949166 1881.977473 1886.666511 1877.447887 1841.021260 1822.930364 1833.262647 1831.680120 1924.650846 1893.915125 1983.253805 1927.305729 1911.044573 2046.925016 2043.498575 2017.793674 1969.817932 2023.377773 2032.476370 2031.666922 1964.726186 1903.930691 1877.974969 2000.584615 1916.513572 2028.780451
1936.241289 1820.510776 1909.909110 1872.422707 1865.192125 1867.394022 1802.498785 1822.988709 1813.226319 1820.777173 1802.541792 1999.591675 2002.319390 1876.288934 1782.089455 1832.808377 2066.941423 2024.723740 1951.795503 2036.917408 2043.895659 2115.606677 2036.116930 2170.402971 2023.806887 1940.166268 1866.226381 1934.937467 1910.280949 2027.960508
1980.768515 1855.092270 1890.606508 1896.638891 1817.023293 1845.497174 1760.195723 1735.508210 1690.590084 1807.172351 1880.537646 1764.182111 1893.949606 1910.562792 1901.367364 1837.569763 1906.392438 1984.618945 2061.647796 1987.513920 1977.413367 2007.018694 2016.818900 2089.909347 2083.763496 1907.911943 1901.050897 2032.243888 1914.185988 2022.651993
1769.094714 1831.353793 1904.992591 1787.345311 1832.687909 1939.159366 1665.369499 1803.763969 1814.473348 1704.854111 1860.009519 1890.425492 1896.396546 1850.995382 1870.999344 1788.894484 1937.481900 1930.629878 2043.032873 2041.005701 2012.114882 2023.479423 2059.411534 2182.896555 2008.828700 1957.705231 1902.922312 2013.686377 2001.962569 2008.827724
1915.314724 1808.002539 1937.613549 1922.127412 1838.064782 1917.626675 1792.660429 1749.964004 1769.070691 1722.240861 1790.505806 1880.003677 1941.484803 1912.002089 2021.350658 1908.870459 1894.585962 1986.922693 1993.960136 1969.497900 2066.769127 2106.070714 2133.600106 2063.108499 1913.032237 1938.175658 1976.058477 1987.579412 1976.476124 1862.066636
1845.687077 1926.546216 1884.418258 1852.611745 1769.590428 1881.619659 1793.307881 1751.588861 1791.687452 1811.319326 1910.000710 1890.476806 1893.599721 1875.558075 1852.344822 2024.888700 1858.847784 2005.454218 2129.732794 2056.496559 2037.470539 2165.059737 2048.798856 2075.942559 2077.179178 1952.609845 1876.729753 1992.667492 1980.413035 1935.078201
1894.997746 1950.778142 1950.261081 1867.866272 1833.547784 1928.253667 1740.939907 1869.424627 1826.656501 1844.087392 1903.522425 1888.551109 1974.116354 1853.038206 1954.874294 1865.625139 1909.551655 1945.076927 2026.397576 1983.942186 2008.247851 2031.491743 2037.906441 2077.793969 1938.616126 1966.630402 1926.926563 1962.932416 2061.737014 2025.348237
1819.599549 1908.944797 1910.548117 1864.204985 1819.132368 1880.189609 1726.438551 1887.802797 1783.797558 1764.220909 1731.510093 1782.269838 1881.337067 1923.388615 1933.527607 1938.494886 1940.343742 1956.328887 2114.253041 1993.953243 2013.089297 2149.223405 2086.146795 2148.092118 1972.412149 1950.884552 1922.288275 1933.570148 1818.428380 2006.511544
1940.466469 1854.207294 1876.526513 1866.108745 1784.353749 1864.643202 1857.933127 1906.867832 1861.128169 1812.707233 1851.400374 1896.639303 1880.851157 1956.758445 1992.025938 1974.309256 1936.455801 2061.703945 2032.986431 2012.216863 2069.914183 2085.261214 2030.619306 2051.802825 1986.986128 1889.443990 1900.367548 2000.521547 1964.843239 1987.689729
1919.529722 1836.746277 1837.886458 1909.630505 1818.468798 1841.784368 1781.399744 1881.898044 1786.136588 1817.655512 1864.549919 1896.619122 2026.678618 1933.647571 1942.706031 1959.393384 1864.677363 1942.318487 1975.509036 2051.526545 2039.755025 2139.537459 2107.308057 2140.361806 1889.000737 2015.737861 1982.944904 1990.446553 1816.071625 2043.470619
1927.874302 1847.108684 1920.677580 1902.357931 1872.003594 1963.855905 1807.506618 1897.809487 1788.807039 1854.855498 1826.596238 1980.829855 1887.948509 1853.950486 1863.470576 1926.893429 1786.505470 1845.599396 1975.081825 1996.866161 1999.259422 1992.289871 1990.075966 2042.285522 2108.738318 1918.315043 1967.649589 2034.005438 1835.652133 2022.700549
1880.548284 1782.356737 1849.288050 1870.907027 1831.305847 1976.825295 1810.301597 1896.989632 1780.848598 1853.500579 1890.873322 1897.991035 1815.200059 1841.746608 1927.114594 1869.862182 1971.977173 1941.908645 1843.503049 2172.443446 2091.674609 1979.916257 2029.758585 2121.122048 2017.481191 1883.119989 2037.824317 2084.974176 1927.401142 1986.718113
1920.834473 1856.564098 1887.236685 1815.002665 1819.099479 1900.777066 1756.048786 1723.503122 1805.482670 1762.043142 1805.052339 1883.117644 1833.895257 1858.529757 1850.527990 1835.001193 1908.194493 1958.088248 2055.127213 1992.292101 1950.002033 2002.090063 2003.723051 2132.460183 2027.076799 1996.420220 1912.573716 2071.712932 1989.199588 1934.896898
1864.350827 1784.305527 1856.213133 1862.131886 1857.405598 1909.843314 1678.792315 1807.695109 1867.516769 1808.078400 1960.318300 1833.850626 1943.144209 1845.677564 1859.420996 1957.026692 1927.071480 1959.259139 2030.850636 1884.587547 2073.588097 2083.686082 2161.901813 1983.875605 1970.210281 1951.879703 2085.780437 2016.010039 1916.141539 2078.859197
1818.440987 1897.289401 1840.912458 1841.930609 1869.109665 1907.256676 1810.602390 1924.879951 1803.297397 1754.366461 1834.065744 1904.561518 1984.466199 1842.634161 1936.743805 1978.347953 2027.719414 2018.936895 1975.982986 1989.973909 1976.100175 1986.003922 2144.905650 1995.420362 2028.266153 1890.269668 1945.380188 1826.404365 1963.570067 1936.380920
1828.294977 1887.240026 1781.609660 1922.148752 1793.770295 2009.600687 1791.507243 1834.047705 1830.712307 1743.292881 1917.726967 1778.105159 1907.004192 1867.251287 1951.557132 1875.755285 1841.914603 1973.604611 1992.124439 1993.821148 2011.984915 2036.056641 2211.005804 2068.258561 1933.134895 1860.990876 1913.541617 1894.005836 1938.756364 2072.613339
1962.623523 1842.144409 1873.253946 1806.308442 1754.587243 1930.559304 1830.670636 1800.096404 1938.268550 1867.613970 1911.659965 1961.543042 1868.512278 1895.246940 1884.318278 1940.946192 1958.944443 1972.803048 2001.627519 2068.994932 2103.867192 2050.875594 1947.575359 2027.837420 2017.207352 1905.827122 1990.790897 1965.205818 1943.690010 2008.698719
1939.541388 1839.477647 1822.453469 1826.521360 1887.119078 1886.630547 1823.386993 1872.768489 1821.852207 1816.519900 1880.491535 1880.341763 1794.918000 1723.824077 1916.286712 1990.597669 1898.081996 2004.424652 2096.960870 2123.364201 1883.675237 2138.561064 2029.413824 2103.161206 1938.204184 1956.089378 2057.036476 2009.683080 1940.177848 1914.573829
1906.026603 1836.131979 1892.170706 1802.877913 1832.844573 1906.393358 1739.015449 1679.154295 1847.437742 1818.619243 1826.163757 1843.246577 1840.810090 1798.397357 1905.118152 1953.172282 1975.098377 2086.587167 2077.674682 2036.633857 2025.270692 2116.414894 2126.052355 2137.454952 1977.036293 1927.161321 1976.285696 2000.741126 2025.508485 2189.095950
1835.888326 1903.514985 1886.128571 1815.065068 1777.370538 1968.283884 1892.254438 1863.225843 1744.315412 1789.628641 1852.084559 1860.268901 1893.113655 1839.223000 1881.204032 1890.645209 1915.006579 2011.998984 2070.074087 2121.531843 2061.294208 2031.321092 2102.986526 2255.447865 1987.608507 1886.322893 1964.873173 1979.232893 1963.426880 2059.300136
1904.615516 1820.217111 1919.893363 1867.376018 1841.214687 1923.187349 1875.297294 1790.115101 1762.031833 1797.416066 1797.487923 1762.849475 1915.601856 1895.008244 1849.398594 1882.643952 1984.157274 1919.267786 2001.170734 2043.292545 1995.583028 2025.572801 2055.040942 2155.777655 1868.152046 1949.484644 1977.565225 1996.964022 1907.751377 2103.678607
1843.954947 1863.886105 1899.046974 1842.790688 1743.398891 1872.811797 1760.196779 1878.162951 1832.795749 1910.198710 1896.622420 1869.956288 1985.772318 1920.621714 1762.062724 1969.718243 1991.450925 1947.840751 2050.722153 2131.581896 2038.508390 2049.481936 2008.385602 2149.794408 2127.369965 1899.852463 1909.052410 2016.635160 1903.006435 1964.915098
1932.237351 1907.935575 1803.735072 1899.294484 1829.471973 1877.074289 1726.951392 1801.095328 1729.091104 1770.080670 1846.630180 1890.943127 1925.777836 1884.734790 1940.962300 1912.935133 1809.167052 2002.123512 1990.084070 1990.579431 1891.255896 2089.861614 2000.981326 2223.588346 1897.875545 1953.676585 1999.561426 2048.550521 1963.645163 1951.392785
1837.697081 1925.538780 1904.087101 1909.170030 1737.276954 1891.029362 1734.776883 1909.141382 1758.045291 1769.516192 1927.657693 1896.844203 1834.191096 1869.582466 1831.584058 1896.707957 2045.660743 2048.850865 2005.648356 1981.473063 2050.470876 2000.894775 2061.096974 2031.051401 2116.829922 1918.084709 1959.824939 2077.162502 1966.533581 1941.849408
1939.137299 1848.455212 1892.895162 1908.164573 1854.526609 1795.162615 1813.407928 1848.374854 1803.202624 1894.713691 1760.206165 1880.421966 1807.528213 1917.013524 1868.652911 1883.973202 1919.216357 1986.084241 1998.633262 2024.117054 2001.326333 2092.338814 2093.916321 2081.450613 2077.362812 1876.097773 2022.396223 1944.457572 2002.085430 1918.389517
2001.005328 1824.347135 1884.971514 1880.990533 1833.676418 1934.010677 1921.311542 1863.194136 1871.336154 1819.256594 1834.377351 1761.591308 1919.285657 1829.762463 1909.688874 1951.656195 1797.771359 1994.675688 2090.500114 2058.320644 2069.593623 2126.548356 2095.160196 2040.124646 1868.347242 1832.416219 1880.873782 1969.204353 2008.234591 2013.780585
2013.637505 1924.843682 1842.811803 1804.662182 1810.322225 1943.002246 1907.496870 1904.631428 1727.932232 1718.777985 1835.575459 1892.118272 1919.867829 1929.781855 1847.871216 1970.723675 1822.228924 1909.978107 2040.816552 2138.935286 1977.273246 2136.181692 1955.714610 2174.065701 2014.591847 1884.244433 2002.049715 2113.534859 1932.956046 1988.632596
1910.695812 1832.585416 1862.253353 1932.109822 1744.627437 1940.162444 1837.308418 1792.335402 1942.643760 1888.160360 1906.123092 1790.561073 1954.246896 1749.912018 1825.062272 1898.439277 1889.034563 1963.742139 1995.290505 2021.138380 2087.462439 2002.121412 1986.080319 1986.534262 1943.621864 1919.854195 1846.503605 2007.765558 1970.228563 2055.383964
2019.776555 1892.139571 1884.445639 1824.208731 1808.101783 1831.743486 1963.448746 1937.659548 1865.604804 1688.326617 1845.330746 1856.442870 1947.851739 1870.012957 1872.277050 1942.906899 1891.809032 1992.042698 1937.538737 2036.931080 2067.885476 1940.909239 1968.090736 2033.911622 2122.346205 1948.615006 1901.482707 1957.390611 1991.317156 1989.027791
1910.589449 1918.180108 1822.972683 1880.163354 1937.116498 1893.929769 1898.099576 1895.377759 1794.426900 1760.131832 1811.424605 1932.135084 1905.796279 1970.716295 1946.266618 1939.295305 1837.716062 1967.969501 2085.018453 1979.091868 2090.165184 2115.005248 2006.140028 2104.450602 2008.491690 1910.426366 1935.220381 2000.948834 2023.316785 2093.829977
1799.416073 1931.302974 1827.356723 1926.498421 1886.275667 1872.202773 1782.009032 1917.301797 1776.397630 1887.985330 1858.511247 1940.989420 1804.252276 1844.889132 1882.255611 1849.546274 1991.558664 1943.726671 2099.103000 1909.727406 2058.894925 2043.981711 2026.822124 2012.736209 1895.722512 1916.807516 1922.084405 2032.838451 2004.271610 2135.659253
1989.668895 1896.674980 1924.708468 1968.905312 1741.123299 1824.299762 1653.752455 1788.628018 1897.973572 1756.233900 1880.784889 1870.042205 1958.991773 1956.705792 1843.103282 1933.888981 1901.719655 2065.519957 1907.404996 2087.380129 1952.673625 2056.623294 2025.810993 2125.871666 1919.107073 1964.881483 1918.400662 2072.787798 1911.821882 2120.057860
1848.252971 1785.987790 1822.049376 1822.614574 1902.953210 1813.346766 1741.487438 1775.115439 1837.712416 1758.085687 1820.512257 1825.464851 1921.950953 1946.878776 1851.882993 1898.821374 1922.176645 1962.174306 2092.478575 1908.090971 1949.716239 2025.261858 1987.962895 2043.036658 1973.509459 1975.071144 1953.598719 1932.114845 2028.234493 2043.883697
1961.097734 1790.437983 1908.280727 1876.329989 1897.915791 1938.162121 1821.739971 1723.539911 1871.716291 1762.665089 1840.138193 1955.934028 1846.068929 1824.228937 1838.704091 1947.433537 1877.116380 1990.007707 2025.463716 2013.808788 2027.662564 2053.175370 2008.745599 2023.895783 2039.228840 1948.322890 1971.746430 2043.845988 1958.508595 2027.114100
1897.190078 1882.427223 1987.124461 1948.514709 1852.680080 1919.212715 1811.767718 1800.608893 1784.338046 1736.785566 1796.671240 1835.815422 1802.816202 1853.639164 1902.139845 1853.379808 1926.579545 1880.198480 2066.105933 2049.746619 2027.275812 2074.952200 2065.576344 2114.806326 2117.930106 1953.111190 2032.601171 2069.703649 1916.682769 2014.547084
1936.800253 1876.640995 1905.912248 1933.951417 1750.125549 1856.305118 1787.203700 1790.514130 1793.331047 1935.662501 1866.866003 1973.070870 1784.551931 1886.974278 1928.223637 1902.385484 1985.284907 1993.896917 1952.452413 2011.790291 1974.558258 2078.374259 2100.740243 2105.312221 2034.813851 2040.993175 1893.180904 1960.310539 1949.731258 2064.101627
1873.370776 1948.414460 1998.906031 1806.765347 1882.702757 1829.469281 1836.703106 1801.787638 1809.268522 1876.740060 1938.554727 1959.824875 1877.293097 1927.677196 1856.993817 1890.760054 1995.216690 1947.484128 1977.827280 2087.147049 1998.541477 2094.850482 2137.917357 2132.689517 1965.051095 1960.878124 1928.238737 1891.950808 1947.327678 1925.621936
1962.377501 1826.464463 1771.900201 1821.955428 1819.500990 1903.404776 1830.153121 1810.892653 1755.064032 1773.484027 1795.829765 1942.586847 1966.399233 1926.065411 1921.036731 2039.652049 1940.944471 2019.009998 2041.590560 2022.016158 2041.264613 2057.023442 2095.190938 2087.441986 2067.337902 1859.330278 1986.982647 2027.975497 2034.020345 2032.152335
1955.236257 1904.680253 1889.452581 1885.407935 1818.624398 1875.799705 1810.423341 1853.950780 1844.513195 1819.402477 1779.632156 1909.567474 1845.617212 1861.974046 1882.153453 1922.561860 1883.193557 1898.477022 1980.992149 2075.168400 1976.517522 2118.913350 2192.937364 2073.386935 1998.645364 1999.694029 1945.206775 2052.952321 2015.385398 2147.711603
1873.412140 1841.531613 1756.735283 1876.284191 1902.845958 1843.628727 1847.144014 1769.864522 1875.771688 1805.590752 1832.804470 1798.089085 2019.429101 1813.957250 1910.556197 1983.561094 1960.623929 1952.625814 2050.930570 2073.484964 2003.227590 2030.134973 1977.921229 2022.396537 2000.699586 1874.356620 1907.440416 2045.113310 1968.831374 2063.912125
1873.271742 1893.342730 1881.170221 1834.682185 1777.864775 1897.842716 1840.352062 1820.998764 1834.693174 1750.288521 1888.715096 1792.771497 1912.123663 1852.152093 1898.810573 1879.156778 1909.205124 1941.623903 2097.304229 2032.813651 2062.446084 1934.788699 2069.742806 2070.389485 2087.641328 1893.595779 1971.094805 1999.864965 1902.098616 2095.306309
1932.000281 1919.134939 1920.063920 1848.276984 1801.630007 1932.126852 1758.829403 1879.168368 1771.768033 1740.194136 1893.533048 1961.758717 1787.003791 1913.793161 1906.238424 1885.493475 1860.323799 1889.556070 1984.379428 2061.897471 2153.122698 2009.579473 1996.547150 1992.882945 1938.912968 1914.186114 1970.242632 2016.803814 1942.512947 2021.855538
1937.869191 1998.166005 1878.391775 2015.132997 1745.263253 1923.217400 1819.434811 1843.720602 1834.565898 1802.643776 1845.296705 1775.879188 1849.439570 1939.913919 1984.303246 1981.725195 1974.015738 2016.475865 2062.363006 1914.764135 2088.727971 2089.778475 2129.193710 2095.651022 2004.692533 1851.739306 1999.567830 1914.711090 1971.542241 1981.025931
1841.785767 1860.029593 1924.964609 1995.251677 1794.234973 1726.106277 1738.459847 1917.816264 1792.947268 1786.689983 1855.462961 1889.492629 1946.550170 1878.706286 1965.862602 1814.858523 1852.674575 1894.526119 1923.848254 2023.327798 2040.840501 2110.005345 2102.701055 2123.097164 2017.443740 1972.949061 1874.627675 1987.963802 2032.506185 1966.347529
1867.262348 1838.579683 1894.427521 1923.205681 1913.136112 1897.233779 1776.828357 1791.325028 1736.921057 1911.092265 1747.094975 1924.325632 1931.431241 1852.155890 1871.800950 2000.127626 1926.134726 1968.375755 2057.809825 2000.652748 2127.754242 2102.889934 2113.067024 2027.292014 1900.762737 1978.698265 2002.945141 1951.979201 1931.547042 1993.367994
1915.893821 1836.100723 1835.336730 1974.453967 1942.593642 1771.661647 1751.986655 1799.881954 1833.411133 1816.602477 1856.490717 1821.720743 1787.576373 1764.155789 1820.189828 1926.194158 1893.140592 1968.879921 2061.067920 1999.784473 1965.636023 1955.561983 1991.423679 2063.816147 2026.816491 1963.472530 2005.401662 1976.499969 1988.162803 1922.516816
1883.384967 1907.249464 1850.764102 1895.959301 1861.732338 1771.771686 1788.532784 1818.130828 1725.752781 1831.134861 1936.985636 1951.461535 1884.894782 1874.952647 1857.979716 1908.378998 1851.937559 1970.929531 1990.876735 2052.649103 2151.610368 2066.541374 2032.964398 1984.730971 2026.253872 1938.647151 2045.456192 1960.142156 1969.509247 1937.728644
1938.194274 1843.396548 1926.369718 1892.484772 1738.347663 1847.429198 1748.666861 1937.644164 1798.913070 1878.609843 1928.273616 1882.000082 1939.778565 1894.403324 1972.253638 1983.925729 1940.114715 1883.720686 2039.507742 1971.950507 2011.660698 2171.870409 2098.253503 2068.565064 2005.142643 2020.381480 1944.678617 1952.635036 1958.253197 1869.718983
1872.208349 1931.403377 1869.291491 1861.182493 1850.816240 1805.934817 1915.861914 1897.273150 1786.708524 1835.051861 1810.066743 1791.337285 1964.798043 1825.014646 1867.131748 1929.616633 1944.472888 2003.022368 2030.610162 2045.365796 1998.816353 2132.117043 2070.430181 2140.333849 1941.847327 1880.284640 2013.365594 2029.600153 1948.893144 2114.017168
1830.980892 1791.494715 2008.546062 1823.320964 1891.332887 1791.868467 1873.711997 1797.540554 1782.585972 1763.526143 1837.661602 1854.640258 1913.123883 1773.214931 1915.180192 1809.844469 1913.973845 1960.432669 2021.444916 2013.726852 2094.709074 2082.057654 2120.051277 2073.872250 1936.700898 1969.504149 1854.972987 1894.642387 1802.396794 2011.040062
1894.766572 1833.789833 1848.882407 1822.642847 1764.368813 1787.435692 1812.080937 1793.053617 1698.919400 1714.571751 1829.543474 2005.641581 1898.576459 1812.763370 1970.437899 1875.979603 1982.909340 1949.958631 2017.293033 2034.470262 2153.210303 1999.787230 2077.818848 2112.730725 2042.980444 2017.846314 2010.878760 2003.061378 1950.728589 1904.554359
1864.964843 1815.838708 1903.761054 1806.015287 1865.200799 1984.284256 1836.723370 1897.085343 1806.860746 1804.963222 1775.044917 2017.174413 1833.302066 1859.491112 1893.588242 1834.791968 1857.018018 2019.747430 1919.979674 2061.299289 2026.313484 2050.560447 2070.334356 2136.042062 2022.331097 2010.645798 1983.570783 2088.693088 2002.906371 2027.791571
1993.426617 1890.377098 1939.549032 1893.785098 1827.277547 1999.588332 1793.158813 1830.067015 1847.384186 1822.266457 1935.220601 1932.163475 1909.573712 1948.060867 1866.109442 1950.251469 1920.058331 2002.572594 1897.501534 2026.165585 2112.572635 2048.703352 2081.669528 2000.281182 2078.603952 1965.245005 1959.778246 2138.873398 2076.225390 1925.990499
1858.078522 1844.411094 1878.637636 1980.624253 1800.087104 1875.062844 1827.962364 1818.206747 1870.485382 1847.520641 1940.938823 1845.751824 1922.569430 1803.763313 1913.511830 1847.663561 2007.389666 1936.283033 2151.300454 1993.088151 1961.073435 2084.137760 2055.186784 2079.422051 2058.203767 1941.436220 1998.433240 2004.603601 1923.509534 1986.288992
1814.438334 1847.983804 1897.711133 1850.618505 1912.703184 1881.684282 1877.292620 1810.559839 1814.415022 1760.792898 1828.505183 1797.999146 1999.709979 1799.692047 1959.560728 1938.311271 1986.881479 1913.226531 2058.117758 2064.107727 2051.383731 2093.341281 2108.918490 2035.820279 2135.893354 1944.206440 1837.068598 1976.397524 2018.554167 1897.605261
1956.828184 1855.415623 1833.017312 1949.297660 1838.082229 1836.849862 1830.302954 1771.419999 1824.501318 1792.422995 1841.367670 1893.613220 1907.673633 1989.531948 1836.432281 1862.983100 1880.919693 1971.079196 2098.078167 2043.958645 1935.624556 1982.250897 2010.057288 2061.741995 2053.580791 1951.386455 1872.468662 1924.490431 1933.914145 1933.286856
1834.028322 1967.533643 2002.075605 1892.916937 1823.859315 1835.395054 1780.181969 1748.919069 1769.794929 1861.411584 1892.688015 1800.691724 1906.491501 1821.539372 1925.344081 1964.146608 1785.496523 2087.855642 1998.217108 2005.085346 2032.537381 2006.253838 2059.219253 2024.803304 2017.371305 1848.557509 1924.859331 1994.925147 1992.513392 2054.479511
1916.344552 1743.068445 1909.861140 1967.362826 1830.907109 1866.284117 1804.445663 1800.153600 1854.982549 1822.777815 1871.855559 2010.271631 1936.633985 1921.976187 1915.548899 1909.738133 2025.048378 2014.595498 2034.597630 1971.740077 1985.531948 2143.838998 2169.815642 2108.613910 2069.271845 1943.013964 2017.700706 1947.024742 1895.493594 1947.450292
1896.885893 1894.844805 1900.847408 1925.044671 1842.106475 1913.291258 1839.194027 1773.877344 1784.077483 1811.274790 1805.133301 1859.033970 1843.741091 1921.841444 2001.734600 1823.334581 1981.218885 2001.526425 1982.768148 1996.165340 2039.775141 2088.451499 2127.236355 2080.449015 2070.283428 1928.036304 1999.935364 2048.712820 1933.843304 1972.205897
1777.434046 1890.776269 1909.735230 1845.198671 1864.885117 1912.392890 1827.660113 1904.211250 1767.136779 1731.195328 1935.549129 1923.104321 1873.707613 1880.610515 1946.823042 1910.856529 1900.918516 1975.307882 2017.002008 2040.591798 2028.931627 2026.612774 2035.577988 2110.589579 1949.634721 1890.772865 2078.859326 1888.957330 1950.981216 2071.433488
1927.760015 1792.558788 1878.865292 1880.712463 1854.489217 1821.058318 1748.142152 1767.307692 1793.029592 1884.202735 1899.442251 1871.411113 1912.246019 1810.804376 1910.257082 1912.268815 1972.348093 1984.958642 2075.635871 2034.795009 2061.914511 2093.336101 2118.062160 2078.163984 1982.803223 1991.925920 1916.246468 1854.420722 1867.820949 1972.492583
1777.845924 1801.287540 1823.922411 1826.744214 1857.021452 1972.745393 1807.260828 1727.595043 1841.623399 1834.304841 1927.872903 1940.926705 1843.122339 1847.376164 1868.048766 1992.008689 1898.766591 1927.322765 2004.591357 2017.527980 2097.775871 2066.064467 2165.799029 2154.679297 2035.032373 1942.232151 1951.158805 1913.678293 1945.483575 1916.411175
1854.920133 1904.612416 1944.353649 1853.510612 1830.892847 1787.265935 1770.503142 1811.757532 1771.861188 1908.563079 1929.392964 1837.870472 1822.646306 1893.080909 1927.634359 1933.555654 1976.712910 1953.585652 1961.548789 2000.797014 2055.517508 2105.726647 2090.789832 2083.710871 2074.611554 1958.282600 1976.260754 1893.252434 1853.021072 1923.547657
1806.987876 1885.352517 2012.993503 1894.868247 1762.106365 1890.322863 1758.268349 1859.729730 1765.782618 1840.386036 1904.919953 1915.615959 1994.841673 1865.867741 1921.932450 1857.349832 1877.208493 1934.216174 1912.441021 2007.834610 1925.662419 2070.041669 2039.316222 2161.345977 1967.713553 1952.134143 1881.294620 2107.040226 2013.947874 2028.917994
1905.718876 1802.215011 2014.313186 1883.081839 1800.403598 1847.450991 1890.688852 1806.047420 1852.529000 1783.305296 1725.554775 1890.504636 1969.405061 1934.315000 1923.185192 1847.542052 1888.778994 2012.865407 2040.945609 1939.774748 1950.932988 2053.379211 2173.577617 2169.694095 1967.700301 1949.730581 1980.704188 1954.117597 2011.988957 2069.762543
1984.580365 1878.447210 1897.412183 1926.402351 1882.034501 1903.576894 1837.122404 1807.791571 1908.175167 1757.670610 1877.968388 1827.113130 1904.732968 1928.677426 1868.064000 1852.169200 1947.545916 1912.871168 1877.768818 2134.425402 2106.549952 2047.439733 1974.587629 2017.224682 1920.011933 1874.504113 1957.072614 1983.015489 2068.116200 1983.351842
1847.427769 1908.189549 1965.927200 1861.734743 1863.868153 1809.221361 1788.594133 1804.205539 1811.510460 1751.991508 1862.980070 1807.545138 1854.986776 1928.772992 1883.746812 1938.866222 1936.385752 1914.312822 2080.671118 2054.392473 2013.508000 2093.796385 1912.652261 2063.904484 1843.823422 1930.763258 1887.320300 1932.547533 1939.681330 1944.751415
1897.325631 1957.002858 1830.104032 1884.208103 1832.296660 1994.882717 1756.435247 1783.977634 1868.586618 1777.985008 1885.727297 1930.142401 1817.325603 1900.907782 1965.105653 1999.278356 1907.840188 1971.648082 1926.070572 2104.398208 1985.198830 2016.720356 2056.715173 2212.953887 1990.735232 2023.491412 1986.532626 1990.749786 2010.371230 2011.144875
1926.544807 1777.798728 1895.188970 1837.392640 1819.369373 1899.409642 1840.305631 1858.285257 1835.649240 1757.077785 1820.088743 1822.746056 1992.804348 1857.427703 1934.815086 2030.568607 1922.964417 1983.992684 2040.218696 1982.736988 2138.132738 2077.862095 2061.763845 2067.311041 2073.636358 2028.043955 1940.867600 1944.001565 2058.956487 2065.720460
1901.681499 1880.629932 1798.755325 1835.455763 1852.698842 1823.633757 1875.289871 1785.668380 1775.427651 1808.435925 1836.530893 1919.655490 1918.216463 1801.097026 1916.266431 1845.885205 1900.604150 1915.896472 2078.053043 1919.974981 1857.303859 2157.296572 2051.989795 1999.586254 2063.873401 1929.561261 1978.327227 1888.573278 1856.280150 1886.764902
1944.107910 1793.016513 1817.806696 1803.043529 1854.187819 1947.459237 1764.604063 1843.635543 1889.648221 1788.547017 1757.852747 1819.816978 1899.170676 1836.596446 1962.282886 1861.520653 1919.912412 1919.414742 1922.430292 2061.985241 2072.975133 2070.224683 1933.841636 2095.579637 2006.687682 1943.304196 1957.245309 1996.783310 1976.632286 2031.255752
1879.727077 1822.717476 1907.780497 1948.172929 1839.426693 1846.148027 1693.174055 1889.370567 1897.852685 1878.198079 1957.086852 1871.941714 1865.392645 1807.335822 1746.258847 1920.692652 1837.983811 1920.926161 1964.889327 2048.315875 2001.625993 1983.217391 2152.532043 2148.046467 1826.878266 1914.828263 2084.749716 1990.919798 1965.278628 1968.911879
1939.672066 1802.942209 1816.311868 1974.905761 1790.860288 1851.483379 1822.726113 1852.139782 1808.534688 1730.106628 1940.576551 1795.298197 1853.298505 1951.422912 1922.128223 1825.247449 1879.416195 1950.749083 1917.106953 1973.600896 1985.049122 1995.132550 2070.179856 2119.682497 1917.792155 1965.907550 2029.401414 2020.576967 1916.417930 1942.042323
1984.242281 1818.690092 1943.987881 1840.494288 1769.516653 1837.139531 1900.575383 1798.198248 1802.828849 1904.132623 1889.994184 1865.990893 1938.719898 1927.619481 1909.600484 2026.266872 1860.784589 1998.055785 2020.763814 1903.787974 1971.807685 2072.705610 2032.947326 2111.197005 1938.121278 1861.916831 1973.488865 1990.323700 1945.424246 2004.217185
1852.511671 1895.817603 1833.308440 1926.820629 1814.249061 1877.584721 1788.579018 1794.811106 1801.854889 1783.582985 1948.113387 1909.856515 1894.735856 1941.270622 1948.905171 1977.252530 1970.966095 1914.280158 2007.316517 2056.965077 2009.531810 2212.916692 2079.220682 2108.895924 2048.840158 1922.027025 1992.847788 2014.897368 1982.833056 1994.498862
1842.556654 1782.138274 2026.188773 1969.767586 1864.462116 1834.438596 1823.272812 1777.394451 1741.528211 1815.171788 1796.234488 1856.096779 2029.416146 1943.161965 1862.855634 1836.111188 1932.005962 2070.556295 1965.435859 2075.680658 2027.921316 2107.571685 2048.463265 2100.360385 1874.969588 2015.768640 1895.671406 1922.352396 1905.818875 1987.710611
1893.274183 1885.906538 1971.521484 1883.169531 1757.792062 1903.911969 1894.329920 1866.270659 1819.702249 1836.989559 1810.833061 1890.708324 1938.390093 1913.179653 1992.870155 1936.880462 1902.611213 2037.569554 1990.035071 1977.740615 2022.005443 2099.215360 2203.656766 2181.477534 2081.260528 1938.539605 1939.777206 1953.001150 1902.382476 2078.456367
1873.547414 1800.662775 1928.361166 1833.275818 1894.181821 1906.579133 1842.072629 1792.029352 1866.042740 1903.998829 1855.993892 1867.643997 1883.816991 1934.947979 2033.757689 1959.920977 1907.979364 1970.430556 1908.691279 2094.323576 2135.817148 2061.357821 2029.778494 2027.172391 2000.577485 1994.793123 1991.857121 1998.390691 1916.180060 2031.817987
1775.521248 1796.924208 1954.471681 1907.631032 1796.715425 1858.350302 1837.398195 1846.167171 1786.123595 1822.116590 1851.928629 1834.713576 1877.461663 1771.409593 1961.513768 1911.148843 1974.669961 1948.762199 1991.581183 2009.179799 2062.070376 2152.048160 2028.182223 2043.626075 2071.225178 1806.732634 2053.368213 1890.085434 1824.476518 2000.220517
1911.395806 1833.488101 1867.459081 1815.352000 1867.294255 1906.646560 1753.238565 1905.304499 1879.688678 1791.410058 1863.019432 1841.316982 1916.406604 1899.057118 1961.983521 1948.713184 1904.059585 1880.140004 2069.569057 2015.428288 2072.040594 2036.600718 2129.239954 2182.208335 1987.233892 1966.059767 1917.914105 2028.847227 1908.605234 2059.132053
1905.068462 1904.249090 1887.947414 1847.569659 1895.901724 1900.122776 1797.009742 1906.464417 1897.898184 1777.279361 1848.003427 1935.094190 1843.860246 1913.229386 1904.603112 1952.190160 1990.094272 1982.300317 1977.609191 1980.789750 2123.453407 2145.654147 1969.746786 2016.124293 2065.997659 1980.882653 1991.501541 1920.409949 1906.578684 2035.635180
1954.835061 1787.879760 1865.056115 1907.845008 1895.037994 1952.174081 1796.578716 1935.911919 1797.110906 1801.958006 1807.449209 1861.431775 1927.521815 1871.727780 1894.200256 1928.889057 1870.464361 1941.765879 1980.672707 2064.126344 1997.564416 2017.272292 2096.241593 2049.989784 1993.747940 1969.828006 1938.138760 2011.180355 2007.085281 1929.579515
1922.966687 1834.671660 1867.310584 1811.317700 1804.506792 1866.388306 1741.189309 1868.376373 1851.967900 1774.326984 1769.574652 1916.047691 1932.374739 1874.247653 1986.679150 1855.388886 1945.363287 2029.362535 2065.431521 1909.115554 1950.652939 2045.572254 2114.912093 2065.449367 2087.994140 1946.794630 1871.631579 2097.413819 1952.619937 2005.439236
1966.362252 1822.163091 1872.814730 1810.172339 1880.543147 1801.773113 1819.188877 1772.168938 1847.405383 1793.680583 1909.002231 1801.911999 1926.491360 1941.393011 1939.344804 1874.424227 1861.831640 2098.331038 2152.697427 2045.840759 1993.757789 2046.769983 2141.955335 2133.045669 2020.633743 1969.361740 1922.115166 1941.360858 1976.857280 2013.009837
1746.496866 1830.000899 1871.126897 1907.018850 1841.872579 1891.399128 1810.862906 1813.843189 1812.007713 1851.090391 1879.501778 1846.313477 1868.891976 1854.443080 1909.201051 1907.392946 1875.245146 2031.877789 1985.954511 2075.648339 2051.181420 2094.938206 2182.902331 2199.938443 2009.328290 1994.364227 1939.472134 1919.423176 1965.161393 2009.950272
1848.756488 1744.016009 1846.348482 1877.591513 1860.253659 1902.858611 1819.691232 1809.224182 1846.526154 1833.869972 1916.602780 1890.911292 1911.232955 1898.716725 1893.237424 2019.397783 2012.754879 2084.541490 2076.516865 2004.948652 2019.510852 2093.652889 2111.509223 2012.104626 2092.877131 1832.893603 2014.505398 1895.059540 1942.314104 1957.145514
1851.285342 1796.169279 1959.517419 1803.993120 1849.055684 1909.947991 1876.352128 1911.530689 1791.526897 1807.700254 1799.084184 1826.869768 1893.472953 1840.206897 1905.150339 1890.995740 1887.556516 1930.806162 2055.152703 1970.691891 2038.674306 2071.455525 2096.456527 2044.476139 2035.102664 1987.005360 1868.160650 2052.724255 1970.689866 2004.671444
1907.643766 1947.834123 1846.197407 1887.461981 1808.891323 1864.644759 1864.293274 1834.068980 1728.162245 1850.268029 1869.495763 1957.400245 1918.954582 1911.654047 1937.807387 1826.272473 1984.688018 1908.501035 1963.603348 2020.428339 1981.603521 2097.745676 1986.856171 2114.597557 2067.456292 2016.897747 1886.482278 1927.887471 1877.973374 2090.748853
1888.240308 1836.176800 1972.994398 1869.456865 1784.531355 1842.639547 1826.242587 1830.937425 1736.140040 1737.571064 1850.302907 1827.787632 1910.105859 1799.677240 1878.143630 1864.969789 1971.571332 1924.425988 2044.025160 2044.876754 2064.834477 2078.667944 2069.272914 2127.180023 2106.029054 1919.370937 1877.201990 2080.241173 1904.699102 1965.609920
1836.105717 1767.058187 1950.436822 1889.072868 1841.581998 1904.969042 1710.768228 1790.650093 1873.322259 1839.394507 1880.065372 1907.054031 1788.939648 1964.588722 1955.393710 1905.908498 1965.321410 1937.046845 1952.217868 1991.578140 1997.135596 2052.814885 2140.785604 2067.215720 2128.526803 1929.927885 2027.117449 1924.253580 2048.483536 2024.076409
1923.405727 1762.350875 1970.309662 1840.815977 1867.308923 1922.270883 1815.540975 1775.449975 1895.309275 1931.288955 1797.639841 1885.796145 1927.431114 1863.606143 1882.007627 1912.616337 2019.765745 2057.334237 1818.397524 2003.286595 1946.011300 2086.436093 2012.059600 2120.768858 1995.336927 1942.038740 1918.937235 2034.705538 2024.687625 2106.241268
1918.841878 1797.622143 1812.005087 1819.000650 1771.953086 1894.609393 1806.733778 1861.353887 1851.353959 1798.906233 1973.270674 1904.331216 1762.502676 1878.458916 1896.033340 1909.995164 1966.689807 1956.037377 2007.359941 1963.625426 1860.832887 2169.135559 1957.989520 1995.127604 2094.026244 1897.667842 1928.004132 1926.103623 1935.189352 2028.035677
1877.342514 1785.582306 1889.770395 1809.693484 1860.526703 1974.854490 1803.787788 1782.361026 1686.218449 1796.112831 1879.477071 1914.451209 1913.320252 1806.639548 1909.891318 1942.118133 1971.531734 2018.345675 2015.093617 1975.292789 2007.361090 2044.988319 2087.313236 2172.404648 1921.023363 1982.971645 1816.495215 1940.939137 2034.398464 2101.183723
1842.873153 1888.754925 1955.064863 1902.531675 1862.432055 1747.604893 1842.016279 1835.493679 1855.699189 1878.197174 1935.064630 1927.159136 1833.739387 1865.575296 1850.276197 1893.576531 1840.955039 1880.826691 1925.354512 1952.151835 1989.149529 2049.918700 2051.545090 2137.813928 2073.579734 1977.182074 1856.438144 1962.125837 2004.590235 2100.255554
1897.422783 1864.901870 1896.878664 1856.022033 1814.507031 1820.400000 1727.238361 1839.485813 1837.025744 1807.461455 1889.035245 1911.346336 1969.650145 1846.497649 1904.045908 1857.098684 1806.962427 1978.522628 2015.631353 1927.191693 1904.446992 2141.150517 2145.691411 2046.849523 1915.775947 1993.699656 1881.441799 1968.910761 1986.394180 1998.471594
1839.745639 1881.111968 1926.506499 1869.903080 1739.939353 1871.890753 1912.501547 1842.574919 1859.516262 1876.199338 1927.639232 1991.506980 1927.019338 1959.614084 1951.999088 1949.941651 1830.802679 1963.731166 2050.319387 2012.195573 2092.399953 2008.047968 2045.247091 2040.186053 1980.626965 2007.598523 1937.128662 1944.571940 1895.474684 1925.596067
1807.340508 1806.183659 1907.883488 1863.996090 1818.121070 1989.412394 1856.532505 1846.434524 1842.013634 1750.043335 1856.106100 1923.592875 1957.965492 1870.728020 1875.218059 1900.391054 2020.404575 1966.900503 1945.466179 2039.967108 2007.507858 2095.652441 2066.701684 2214.995974 2128.591377 1943.169299 1906.250494 1965.078110 1965.117203 1993.371514
1949.747603 1893.595884 1929.246869 1853.151796 1836.525659 1798.558219 1831.880451 1768.416090 1719.871058 1799.237345 1817.274479 1856.068612 1892.801110 1828.065204 1925.390019 1942.539398 1982.418258 1952.067776 2102.261286 2052.017106 1986.609128 2017.136275 2011.965452 2098.206986 2196.641433 2003.180868 1987.007484 2029.172525 1950.129558 1925.102018
1839.134363 1865.477638 1801.186377 1879.437221 1802.056087 1961.783605 1831.313783 1807.880802 1806.534385 1807.842909 1737.589567 1873.827732 1869.480194 1817.455489 1933.705484 1935.470609 1827.892215 2058.301179 2068.498114 1970.132395 2057.228629 1905.562101 2006.864187 2219.397312 2092.730823 1852.766833 1961.630444 1973.004815 1907.494287 2036.513323
1719.295738 1873.843085 1878.104615 1818.886657 1951.583081 1897.844988 1870.320913 1747.620656 1803.650357 1877.476742 1830.339733 1792.780635 1806.994133 1864.746693 1867.222993 1897.523898 1913.126167 1931.953931 1993.409308 1984.447414 2018.239307 2023.919144 2106.417764 2060.973207 1829.922161 2011.640824 1881.436880 1971.454744 2020.166341 1946.429345
1720.804014 1920.091309 1776.536315 1872.471669 1804.149912 1874.971903 1741.934868 1863.585002 1812.284463 1786.966549 1812.119188 1863.707831 1930.654802 1848.719032 1779.160986 1859.685251 1861.574231 2023.413263 2029.083038 1970.056508 2041.376900 1962.894659 2067.653959 2217.514589 1938.677947 1935.099371 1928.788838 2025.563447 1850.072999 2056.394066
1865.561294 1774.083782 1888.065280 1847.714132 1755.870118 1957.439332 1882.184133 1821.763736 1765.311683 1776.115889 1826.488224 1910.039034 1895.091581 1907.122969 2008.150305 1919.029830 1810.015329 1980.661621 2038.934127 2081.445165 2048.675327 1997.593654 2049.183067 2200.930537 2164.873522 1931.834954 1925.466863 1966.067463 2010.712196 2011.620408
1975.614938 1884.405541 1840.267582 1954.593285 1958.150905 1856.354599 1822.586479 1933.097585 1743.950427 1926.263535 1820.791898 1902.770109 1889.701722 1866.621948 1986.460631 1863.233013 1871.526343 1979.971577 2085.457040 2001.573317 2029.188241 2017.155938 2025.313656 2096.542373 2047.127298 1879.955793 1901.647418 2013.458593 2025.612968 2023.866193
1910.621550 1881.758685 1863.848011 1819.224721 1758.496521 1897.232682 1818.413380 1790.915951 1851.968376 1799.675889 1864.200106 1837.529439 1896.414607 1895.246469 1836.479759 1849.796424 1957.057835 1991.110080 2154.826106 2025.395587 1944.968768 2000.201050 2014.187190 2054.127589 1964.849414 1847.443929 2003.081870 2088.758894 1972.268217 1955.207183
1971.401203 1907.044351 1859.166188 1909.152207 1797.355304 1828.045235 1792.951238 1891.815759 1768.750993 1754.640606 1894.503535 1907.587841 1971.904490 1867.938750 1985.093636 1936.538224 1927.458694 1988.935580 2165.419863 2055.300141 2059.105187 2050.201559 2023.801359 2042.140938 1919.007224 1931.217478 1936.572393 2036.895449 1992.811186 1897.686491
1852.272198 1799.283117 1881.876138 1828.093742 1761.221648 1956.489258 1853.064659 1914.677823 1759.679658 1829.803446 1830.440015 2014.328359 1913.256095 1886.912763 1840.005238 2004.536814 1898.129411 1989.280690 1934.793365 1962.937950 1934.903592 2068.467216 2019.531894 2041.707351 1957.412479 2029.937721 1877.916759 1946.184076 1957.880965 2049.999773
1884.035288 1925.902480 1805.037776 1927.520565 1690.536713 1831.419620 1814.038737 1799.264635 1835.310614 1837.307860 1811.233870 1866.450159 1869.036255 1801.819860 1877.430325 1889.194178 1892.020422 1952.088062 2014.364501 2101.463601 2008.633471 2122.081656 2057.942332 1969.603048 2043.228223 1865.657787 1991.460716 1920.277500 1870.498799 1913.284672
1875.220586 1953.733136 2039.905568 1886.243931 1808.087881 1939.784679 1771.863636 1838.369719 1773.500909 1822.681980 1917.351404 1801.270297 1847.261350 1878.352906 1887.001839 1862.795112 1894.082590 1989.559275 2061.731491 2073.189387 2049.505561 2100.918333 2046.426723 2120.486977 1957.782159 1931.602581 2001.286847 2023.528942 2079.809967 2010.392417
1840.030945 1751.314541 1846.642723 1939.879605 1845.689276 1877.555149 1799.842084 1902.803806 1850.817244 1765.650597 1762.359365 1836.037386 1942.515540 1926.498721 1941.950218 1956.630110 1882.206356 1829.980917 2031.931407 2134.829106 1995.004894 2030.378224 2127.710232 2149.871019 2060.139523 1929.621635 2041.576479 1991.889947 1942.660241 1994.469304
1903.832447 1856.850410 1944.024470 1905.626556 1836.164568 1960.964696 1830.238047 1807.695983 1755.229186 1761.403537 1957.949155 1805.114870 1870.966217 1893.808286 1968.444215 1937.149265 1896.862547 2020.666189 1956.920997 2027.766058 1972.685773 2093.912967 2026.787357 2002.813515 2055.693422 1977.500393 1936.105510 1968.807675 1892.357945 2045.351246
1916.215379 1844.068106 1979.811645 1887.325625 1891.959199 1939.413911 1917.223912 1861.402832 1905.158773 1857.057673 1850.834452 1886.199404 1919.805879 1893.894134 1855.350102 1954.145169 1897.110941 1909.470210 1973.105225 2050.173967 2030.481323 2013.806378 2032.952837 2055.666379 2047.137962 1918.264368 1989.402204 2015.613770 2031.042929 2024.814441
1799.392412 1877.309262 1792.949054 1832.575278 1794.587658 1965.631683 1771.615947 1825.290772 1835.984583 1737.423010 1903.443886 1971.151006 1827.183323 1871.943538 1853.794206 1928.315631 2002.039569 2034.143337 1987.336542 2061.421903 1993.471454 2109.069670 2185.188141 2133.415809 1994.689438 1924.471614 1940.338707 1954.952504 1917.470474 2015.126983
1791.793724 1877.266427 1871.725778 1874.971975 1837.447527 1866.959642 1858.064580 1800.062128 1778.377935 1833.559511 1904.937474 1842.448231 1836.479646 1896.845637 1899.461295 2026.713047 1897.351272 1874.423255 2011.739042 1954.598952 2052.827955 2106.978728 2017.870290 2209.917711 2121.287253 1895.600232 1933.872647 1988.622253 1901.727646 2014.461314
1897.374337 1926.425722 1801.247678 1906.865804 1922.135430 1864.073333 1783.246826 1792.511917 1810.097707 1854.879105 1757.501048 1814.215519 1949.629524 1869.118165 1964.987369 1884.167663 1953.435021 1985.178593 2049.240841 2026.024639 2016.687158 2035.765331 2258.501240 2109.593744 2017.580268 1880.879001 1986.627459 2016.966613 1872.925489 2014.239455
1911.658102 1873.593697 1944.950946 1801.209029 1817.514042 1790.620536 1899.451112 1834.376288 1771.596530 1831.077622 1837.180109 1795.325545 2051.814393 1917.791331 1951.346184 1914.196515 2018.178850 1975.127723 2094.680101 2096.046220 1953.412668 2082.816250 2111.660058 2117.197196 1940.496129 1933.031469 1981.049986 2071.413371 1897.651903 1954.481475
1863.867954 1862.158499 1848.915535 1820.533702 1904.086234 1908.447450 1739.489101 1777.456580 1806.311271 1830.414493 1816.306332 1835.515881 1927.903053 1937.556224 1923.594371 1830.704697 1877.855509 1979.116390 2065.911401 1993.931494 2039.793668 2108.862446 2026.528012 2015.778146 2048.969410 1971.042527 1957.225263 2041.892586 1993.669605 1994.094171
1806.769040 1902.626893 1891.582080 1910.323797 1789.012143 1936.207583 1858.337574 1859.078167 1837.070045 1819.934868 1821.802201 1882.211158 1995.663412 1761.208393 1796.281006 1861.933444 1926.750548 1957.245942 2005.924476 2073.269574 2059.004666 2030.135899 1966.331456 2103.427928 2041.904171 1915.822316 1887.074225 1948.933973 1924.937588 2027.574067
1887.944086 1823.211718 1785.493720 1935.467015 1770.912342 1978.110868 1871.079825 1748.587365 1825.110796 1829.879607 1758.503841 1798.762722 1877.891990 1834.692602 1854.398296 1910.800009 1909.340719 1963.999674 2044.229381 2041.351851 1981.981508 2115.572799 2196.422047 2133.514094 2107.455200 1898.571755 1964.515972 2014.751146 1905.676831 2070.450672
1862.511627 1856.203379 1962.571025 1828.763170 1985.195014 1908.201080 1865.514490 1870.818275 1800.593630 1895.000349 1812.023085 1907.473693 1908.125472 1910.996776 1891.591879 1858.589285 1866.486526 1945.780676 2025.526543 2041.818533 2122.888011 2015.610708 2083.438735 2145.302331 2007.279369 2006.301952 1981.215968 2017.738475 1959.351775 2041.003578
1934.995652 1882.009933 1830.552592 1825.433810 1881.616075 1864.377406 1792.206111 1796.419167 1872.179343 1728.449481 1770.123474 1822.897853 1807.006428 1903.598599 1836.068936 1864.895516 1807.911168 2065.622211 2002.151484 2044.061994 2064.523927 2089.434735 2025.917641 2027.267401 2015.085732 1875.115631 1912.506761 1963.447520 1954.863321 1993.516050
1771.857872 1880.923138 1866.783555 1875.207462 1907.694544 1907.558050 1773.061437 1891.694199 1821.557914 1778.406927 1923.961638 1894.579774 1843.284714 1891.791712 1956.886782 1859.760122 1997.085958 1952.374658 2066.422760 2085.453742 1947.530367 2079.684103 2105.549584 2074.033918 2032.453661 1986.233560 1829.394302 2023.154393 1889.744776 2054.074329
1819.955345 1815.083926 1860.123940 1912.662635 1912.550857 1860.936406 1790.173796 1878.978481 1784.820455 1800.509904 1871.865215 1915.582307 1980.463757 1845.799760 1993.752061 1943.980790 1915.607547 1914.599791 2015.238186 1979.835629 2015.766954 2075.447919 2055.694224 2031.251973 2124.185486 1991.425498 1965.297745 1984.021541 1919.424497 2121.986427
1923.225937 1794.825013 1924.786046 1887.629487 1824.399933 1805.855790 1834.663284 1776.899540 1831.193456 1847.069920 1843.926387 1786.598364 1780.382010 1899.810466 1878.905316 1787.140834 1956.659890 1972.632115 2025.986229 2098.639731 1981.513133 2012.024485 2090.509962 2091.425680 2058.740545 1997.913549 1932.889339 2012.660149 1984.229898 1978.047373
1807.991459 1792.380911 1903.614519 1775.509597 1924.674273 1713.267781 1872.612062 1798.024451 1853.419520 1786.225323 1795.792933 1822.254235 1854.275996 1875.256645 1977.812126 1838.079566 2038.988774 1908.108254 2080.173016 2032.212921 2054.411071 2094.735246 2009.964145 2183.865687 2083.232651 1935.221353 1897.238587 1862.607526 2023.168964 2038.257400
1842.929849 1917.369057 1841.960926 1950.331031 1905.478752 1862.665924 1801.512051 1923.567883 1839.122408 1889.231771 1877.141310 1876.091394 1834.665510 1892.496538 1845.395591 1823.484431 1911.555471 1921.398086 2066.084449 1950.882754 2066.077896 1953.804545 1924.188409 2177.796312 2001.215750 1955.928916 1889.865296 1950.549886 1989.520287 2023.626604
1828.689887 1941.685264 1927.162174 1835.779638 1844.513471 1939.531438 1905.554653 1757.101428 1791.717084 1766.356064 1878.033773 1956.858666 1893.160107 1938.284674 1905.597939 1972.052116 1881.032968 1950.368105 2096.428536 2025.592016 2025.606584 2151.881874 2058.272320 2240.806213 1978.255379 1939.525190 1923.474909 1937.176326 1869.547395 2020.886645
1847.444535 1878.886002 1833.842846 1886.593242 1857.132333 1925.533172 1782.641129 1810.303152 1926.033166 1796.338935 1863.794581 1865.995624 1855.460271 1878.447803 1852.363971 1940.491035 1821.069692 1836.864610 1946.368534 2057.631213 2097.082433 2156.596337 2163.114627 2047.133131 2044.044845 1906.271216 1972.244920 2044.384151 1896.207640 2065.062777
1910.814820 1962.368364 1831.568358 1890.128784 1719.791683 1932.435887 1725.770582 1826.826748 1737.150944 1832.703984 1828.644540 1887.031858 1850.331190 1819.145522 1904.177001 1851.111070 1950.101819 1983.744173 1934.611837 1943.280979 1986.383652 1994.465194 2046.852297 2049.428973 2028.951247 2012.099020 1944.312384 2013.373419 2037.505965 2033.821310
1901.975238 1921.062714 1939.386962 1798.190559 1907.437627 1957.624219 1762.069621 1747.688693 1704.511413 1788.056602 1944.420046 1892.775514 1982.854682 1874.086103 1820.364023 1912.391603 1956.142654 1884.016769 1937.213156 2094.376716 1950.173424 2182.552980 2038.605104 2044.346546 2055.671175 1913.371527 2030.453686 2063.856651 1932.967278 1965.155865
1877.362552 1922.214079 1787.817550 1849.301336 1779.363769 1810.026600 1810.987061 1821.995788 1816.469994 1893.662901 1852.110848 1937.054967 1902.123534 1819.394370 1814.529482 1953.539687 1908.791171 1898.823387 2040.755404 1946.217029 2008.677419 1930.713300 2050.578674 2186.011773 2057.682058 1859.743892 1921.970118 2043.198865 1906.721554 2020.587035
1888.258478 1731.215760 1873.391710 1851.222466 1773.234247 1800.013683 1866.946139 1852.310296 1780.559128 1821.334952 1906.347366 1847.788564 1793.262261 1881.420231 1931.778244 1956.288886 1915.692847 1942.546601 2047.424461 2082.261144 2069.486809 2057.111802 2199.042671 2065.074567 1954.692099 1907.801561 1873.534343 1972.726522 2041.844857 1921.239410
1866.999873 1835.852931 1868.216747 1864.848324 1747.346745 2041.075954 1840.238508 1721.629377 1806.798112 1862.162440 1822.217579 1737.881025 1927.550903 1871.261968 1875.050933 1902.400281 1899.645056 1926.545860 2156.541718 1981.050544 1984.916864 1947.048022 2161.228254 2107.284000 2014.590287 1898.033627 1960.452912 2021.044152 1944.365249 2111.655502
1986.443437 1804.678589 1880.587228 1884.722222 1821.167330 1946.252300 1901.100719 1852.145228 1914.898282 1781.297355 1845.107922 1813.713245 1925.807501 1792.120407 1951.719165 1949.139859 1835.488788 1971.105013 1997.025878 2121.447100 1896.118785 2068.792707 2048.273743 2208.481544 2084.297877 1861.947960 1952.023349 1983.334849 1991.484103 2077.024502
1881.646365 1888.579115 1895.976964 1786.821845 1759.027880 1893.364932 1782.246641 1740.270785 1803.758726 1783.668675 1841.948200 1949.578414 1864.626649 1923.454135 1899.310327 1926.567920 1890.198945 1905.982120 1940.467804 2022.389090 2057.835581 2152.028684 2065.361319 2111.704930 2028.369353 1974.343099 1883.006262 2030.356086 1996.974844 2028.978762
1834.509206 1910.554978 1868.068751 1850.353343 1844.884163 1897.889172 1799.165405 1781.511748 1897.256559 1846.550026 1799.669413 1905.052495 1868.255087 1832.726911 1843.232229 1872.945129 1973.338238 1973.060717 2048.217861 2016.594958 2042.751899 2110.055700 1973.137873 2124.325770 1938.951181 1874.542702 1892.977681 2053.638836 1927.176004 2158.919586
1937.609282 1857.817532 1927.828799 1940.421984 1782.876358 1810.994004 1716.256008 1872.215338 1876.405012 1859.624919 1802.873895 1816.550004 1799.053025 1863.010267 1845.124715 1933.838568 1891.813395 1893.599812 2070.001551 1935.865682 1963.355516 1967.747260 2068.205684 2061.251885 1961.382870 1964.037083 1907.585437 2008.102099 1893.467148 2048.437637
1955.488221 1891.323766 1879.379936 1840.920966 1870.084046 1877.481318 1807.180579 1887.393838 1850.947598 1887.954122 1807.384746 1912.769249 1795.653939 1926.530161 1838.065351 2031.302518 1870.054040 1930.333841 2060.306695 2021.709255 2044.613683 2142.758131 2074.516786 1999.536717 2008.284805 1966.908457 1954.632321 1983.380237 1940.662764 2056.799259
1888.760472 1985.991148 1783.163941 1881.968746 1722.316332 1895.319301 1821.441376 1734.241820 1952.141155 1723.557874 1856.160492 1877.393336 1829.010514 1861.205939 1756.764948 1889.745553 1913.575718 1987.061315 1963.015099 2053.345064 2079.573438 2023.258822 2008.075989 2130.351938 1956.515693 1932.167034 1905.303077 1877.777232 1962.703947 1964.361391
1833.564606 1804.136228 1889.682587 1831.490001 1792.172574 1774.717853 1813.083013 1893.357115 1851.360726 1795.780792 1864.971325 1814.165270 1936.275666 1893.192763 1894.428719 1877.463445 1977.467805 1810.853428 2135.898189 1834.522728 1994.403529 2140.511446 2088.428026 2070.992582 1934.411981 1868.432578 1834.645449 1933.132686 1883.277100 1889.093677
1782.293856 1867.960416 1975.615776 1822.729147 1847.225221 1983.934054 1850.102472 1772.308473 1851.354458 1866.017721 1927.009135 1910.997095 1830.116048 1857.784956 1979.757900 1853.162699 1870.879046 2003.945390 2089.122955 1926.930090 1954.497310 1997.285943 2002.045056 2085.620732 2118.236855 1911.927260 1971.941023 1957.536419 1872.388664 1934.937659
1895.010639 1840.985297 1957.398052 1886.489500 1795.531880 1852.148396 1852.253138 1811.367919 1775.579203 1807.173998 1892.257244 1904.948148 1856.049698 1839.233348 1784.382427 1917.774182 1916.606595 1918.588864 2014.407250 1993.591269 2092.190600 1992.462969 2030.251145 2136.699811 1992.766190 1933.942296 1962.936406 2029.156907 1989.116086 1962.953627
1850.401670 1897.928153 1889.586071 1905.244812 1812.793616 1871.959542 1840.153869 1851.661180 1854.926508 1807.648916 1784.993165 1725.513430 1866.986475 1852.573235 1909.330781 1805.247218 2032.107562 1866.769170 2037.714539 1982.667851 2027.828946 2082.399137 1933.337138 2083.487581 2013.227712 1852.949228 1962.266646 2011.880403 1951.118902 2088.790657
1949.752385 1819.286196 1812.577485 1847.655088 1742.642233 1912.713551 2007.418343 1818.497572 1819.518407 1817.657554 1809.063289 1911.097261 1813.498429 1899.319713 1898.306278 1959.825194 1852.527571 1918.191584 2157.227089 2069.857409 2102.518448 2008.491572 2005.237385 2165.753584 2038.213121 1941.908058 1925.112945 2034.702072 2027.641638 2007.873125
1922.671703 1778.386415 1901.829655 1837.355553 1881.775527 1840.474114 1906.727793 1919.360409 1802.274983 1910.334861 1870.031164 1874.447983 1871.030223 1868.312992 1988.888589 1930.056747 1949.007584 1953.418618 2074.586909 1954.465229 1877.756741 2078.419842 2096.435276 2234.466763 2024.874265 1915.967555 1947.592417 1908.258741 1986.113413 1978.168798
1886.371180 1844.526297 1844.708921 1843.114117 1908.533766 1901.711127 1858.184676 1819.360776 1754.727865 1761.354390 1909.218921 1910.281537 1884.376590 1891.923541 1962.492959 1937.927351 1783.405419 1928.519952 2119.909711 1967.154084 2068.847988 2103.722523 2154.335923 2207.422153 2015.558179 2005.518148 1963.545675 2010.618759 1971.318309 2140.367728
1976.706525 1910.038348 1912.457844 1990.350941 1805.412627 1890.291747 1797.395009 1815.597432 1785.299929 1789.526154 1859.822088 1832.665642 1845.934044 1902.260199 1990.469350 1971.246298 1948.520623 1999.503429 1907.728016 2013.848480 2019.308068 2082.858503 2140.675596 2044.348251 2001.643282 1896.285974 2047.378108 1904.241507 2076.361161 2072.836476
1900.564595 1817.712160 1934.531186 1853.048519 1775.196854 1990.940943 1770.892332 1923.515953 1851.329328 1855.277865 1916.495357 1908.780415 1938.953087 1904.992404 1762.453611 1974.375238 1822.800591 2083.407777 2016.116076 1981.668255 2039.295329 2081.504418 2149.707191 2178.624099 2005.105289 2036.927326 1975.983675 2024.856757 2034.679665 2046.808901
1875.816081 1826.094052 1919.605007 1856.369671 1876.259028 1866.866805 1766.066345 1838.450588 1735.479182 1727.634162 1831.674610 1858.983938 1904.826557 1951.607687 1787.814100 1732.181920 1881.959506 1976.185004 2074.706708 1942.497350 2147.144924 1948.439434 2014.236721 2235.269791 1971.320644 1949.293385 1921.444302 2011.592255 2048.620024 2050.782343
1911.404027 1863.862042 1943.119973 1886.364771 1811.753600 1855.609781 1804.680228 1867.860175 1946.871154 1820.325505 1776.573299 1936.462922 1850.707168 1857.112644 1792.680850 1912.882971 1787.578539 1964.448462 1960.443357 1963.357903 2039.031647 2044.405607 2006.854603 2184.408662 1952.557965 1974.726677 1936.167358 1969.592661 2002.475907 2077.895106
1895.277843 1912.002957 1837.596787 1891.081506 1859.096070 1865.138826 1752.542933 1833.449902 1810.126295 1827.923557 1772.482362 1980.043656 1955.691506 1874.707256 1866.148417 1849.217372 1889.525936 1909.870536 2050.580152 1956.676426 2007.770364 1991.296289 2060.543461 2130.029330 2091.626789 1865.409041 1916.883652 2006.685449 1968.617508 2028.119857
1981.504052 1822.335202 1922.405522 1810.200427 1926.615637 1784.259709 1858.599199 1861.154011 1864.193934 1805.623403 1887.220851 1774.637895 1911.479701 1798.356874 1901.060952 1967.068502 1934.037340 1958.080123 2090.012745 1957.148107 2057.350238 2046.937466 2059.792150 2141.421190 2021.106094 1879.913256 2016.892656 2012.777283 2000.100185 1993.269302
1985.171710 1852.641623 1889.043272 1835.766659 1843.361115 1851.815035 1820.804998 1826.005008 1853.717897 1789.289930 1912.289681 1834.885841 1764.685979 1804.833728 1934.023953 2021.813408 1907.958592 1953.060040 1931.972798 2044.807343 1990.000264 2066.949986 2125.980690 2128.595934 1955.770965 1876.947323 1970.250273 2004.907489 1953.090926 2052.186545
1913.403372 1802.611677 1941.226254 1843.765554 1820.787034 1996.428524 1865.759820 1827.134929 1795.099616 1832.451318 1942.521381 1940.807545 1847.596545 1831.673836 1884.955051 1909.303852 1803.491995 1937.875546 2002.940636 1999.479470 2037.914347 2039.486159 2137.337888 2147.146417 2036.833147 1926.760461 1957.555632 1953.901442 1883.214209 2059.304605
1839.583808 1846.401125 1760.345753 1896.048710 1828.584481 1875.638411 1902.427647 1707.662767 1866.618393 1804.558919 1881.433988 1949.044747 1788.457416 1892.221546 1855.693883 1960.433265 1946.995652 1972.077156 2044.838858 1910.156711 1951.796813 2008.228866 2059.430358 2005.652828 2005.489440 1966.321528 1879.645856 1916.708519 1920.952392 1972.023231
1788.151041 1908.463841 1781.235153 1929.935615 1856.351058 1907.897255 1823.219486 1737.675243 1834.155440 1710.514127 1892.010454 1754.458754 1852.686373 1826.398007 1957.333328 1937.538598 1917.186372 1875.750624 2005.250237 1982.469888 2067.641198 2028.828135 2130.322755 2194.339260 1960.761483 1964.902029 1907.612327 2014.758241 1933.738865 1984.674624
1992.232989 1880.968938 1949.857240 1865.240610 1840.557121 1856.606966 1718.182522 1861.398984 1821.867785 1818.799526 1876.218950 1886.663373 1791.010522 1921.637972 1866.351275 1962.498399 1866.559494 1927.214454 2048.821663 2032.367278 1965.598340 2089.796662 1983.807248 2136.321481 2106.370706 2044.075137 1925.869776 2013.833820 2020.968978 1976.218350
1851.606267 1824.398995 1881.587913 1839.752236 1812.751648 1838.093421 1760.962964 1760.587650 1766.955747 1847.645021 1862.847830 1917.676853 1860.818862 1800.571834 1975.392096 1927.138211 1966.470733 1873.830180 2020.453114 1990.907592 1965.336028 2029.027126 2004.997625 2015.615314 2101.761380 1903.965515 1872.467017 2026.055320 1976.233275 2091.543820
1957.120999 1881.348878 1918.597531 1835.591746 1903.826732 1913.445504 1820.343606 1716.093394 1852.816892 1887.007244 1846.049315 1849.486426 1923.192485 1902.982636 1956.235604 1892.555475 1861.374489 2004.897021 2142.058963 2006.995215 2113.336356 2039.604812 2152.311929 2157.969121 2031.191003 1990.530002 1994.127416 2000.493080 2006.584091 1945.306071
1921.227424 1836.035735 1929.079190 1922.770942 1806.813949 1904.298962 1821.225573 1856.395747 1775.326390 1787.608847 1895.798585 1952.726155 1954.173304 1910.364798 2046.711920 1851.565933 1962.372958 1984.569216 2023.455073 2077.868994 2058.918764 2103.977488 2010.886295 2036.706198 1972.164765 1916.602904 1985.974389 2057.557553 1955.954641 1985.180306
1941.948133 1782.901124 1972.186487 1792.018559 1747.842533 1815.199972 1815.255910 1963.031418 1882.672281 1791.703649 1837.678566 1895.133658 1860.351773 1847.750675 1900.322312 1770.493889 1940.454776 1911.434143 2062.297750 1963.684984 2024.746330 1913.200417 2048.944785 2192.191465 2062.954687 1851.670018 1925.618630 2025.153298 2040.147133 2009.107013
1855.610494 1817.163078 1877.614735 1902.591119 1882.409234 1988.293770 1751.292755 1775.157441 1759.772123 1852.094011 1836.879738 1891.932377 1911.479399 1877.926428 1909.218088 1862.777588 1893.057604 1903.672793 2160.861946 2008.708083 1967.852435 2047.062568 2067.456166 2130.260872 2090.364018 2044.243073 2028.952989 769.227434 1954.605349 2042.233916
1860.323613 1764.769187 1864.089232 1896.805759 1671.196516 1832.980173 1721.338457 1798.699388 1793.065899 1788.465472 1894.116047 1905.075662 1867.472827 1961.601467 1844.971907 1854.862712 1878.194698 1992.350187 2069.133067 2023.020749 2011.653933 2181.056213 2102.626547 2028.761821 1931.339531 1968.092105 1957.531091 1983.488191 1968.801758 2044.147373
1927.791624 1926.724016 1917.008970 1901.754387 1792.746878 1801.173019 1768.154407 1848.278327 1882.861057 1878.297492 1943.269253 1989.803060 1974.236888 1831.760409 1953.616349 1903.252484 1915.193205 1944.236635 2119.003550 1902.338565 2124.680702 2065.263974 2132.207226 2014.377493 1997.990506 1882.939382 2054.054326 1968.225895 1924.051096 2091.520429
2010.878817 1840.371514 1862.268502 1920.855469 1830.276063 1959.307273 1762.747306 1877.353194 1803.402454 1715.514428 1820.471704 1976.601269 1910.061727 1940.882905 1804.607505 1857.192038 1914.554575 1956.076382 2034.383546 2005.747903 2026.320977 2219.991028 2009.245430 2162.368858 1905.391087 1947.947795 1810.863886 1982.023610 1920.230109 1994.734844
1910.094100 1792.655299 1908.431793 1922.893920 1923.034494 1920.514945 1893.024173 1882.536236 1850.652886 1777.233384 1850.094189 1875.200342 1977.749052 1816.414517 1814.768038 1949.487350 1924.998260 1953.596327 1973.163858 2024.758568 2110.809634 2002.934884 2012.360414 2020.793432 2000.298109 1907.673334 2020.855920 1892.739557 2009.623551 2049.369683
2014.837119 1826.367069 1909.807609 1874.711519 1811.244992 1800.002529 1803.118683 1789.972215 1889.295100 1919.869587 1900.001643 1875.932603 1853.064658 1876.178670 1849.141892 1910.776244 1861.737306 1841.457413 1945.172461 1983.730622 2082.899783 2006.962572 1940.062790 2050.469585 1930.384946 1994.551043 1957.085078 1957.536514 1998.028435 1988.147107
1755.764863 1865.453809 1950.979768 1893.508354 1866.748606 1856.446733 1741.320724 1852.559182 1837.764089 1788.393387 1895.072429 1939.472503 1936.263784 1856.875045 1999.989672 1922.726440 1989.834489 1859.092825 1939.597413 2021.797340 2158.536853 2099.392673 2059.048100 2102.613471 2095.517100 1849.563644 1878.740216 2092.985289 1910.764002 1974.833298
1969.642869 1827.328195 1870.303187 1919.144470 1849.425965 1917.914454 1788.759736 1714.159790 1779.519013 1869.186933 1853.211256 1942.220400 1877.246741 1925.611227 1905.056073 1864.839654 1914.111470 1969.017985 2149.436734 2136.239600 2016.373150 2148.635901 2098.967789 2036.309085 2033.751618 1953.007604 1894.024434 2009.717825 2020.548761 2023.468964
1917.278452 1812.772465 1845.853947 1896.280223 1830.385682 1873.616567 1805.287283 1809.911883 1893.760642 1753.967482 1893.035213 1758.285451 1960.379131 1958.518770 1878.636532 1905.218375 1782.005144 1987.026067 2082.597318 1994.207275 2000.780296 2022.094194 2014.213519 1992.679180 1960.113321 1964.927522 1948.050846 2062.027899 1893.309126 1885.324726
1877.005932 1942.124444 1916.496400 1870.015218 1822.066331 1838.267691 1680.394214 1807.098709 1836.432812 1850.303208 1852.722868 1890.217874 2023.551604 1911.875676 1872.169078 1917.480648 1828.378200 2030.624866 1957.955981 2040.447051 2086.720656 2092.919648 2060.097698 2106.996651 1924.793319 1988.251269 1992.467686 1934.294648 1971.242174 2162.006550
1907.972048 1822.070304 1938.239771 1838.387217 1870.693713 1835.137094 1715.820083 1845.907609 1797.502014 1920.512929 1878.964708 1962.721178 1841.776552 1958.305756 1918.696997 1785.023137 1977.975208 1950.370119 1964.092700 1985.212709 1924.789252 2030.715288 2080.400109 2169.576760 1973.104793 1930.922143 1871.850868 1978.401720 1914.974945 1938.713621
1813.161079 1874.198585 1863.984597 1808.547082 1784.281427 1898.254576 1836.340199 1779.753284 1788.647249 1786.752479 1847.169272 1850.749436 1857.126150 1859.285136 1950.275046 1923.045317 1858.473986 2050.273814 1902.352358 1979.420049 2027.241059 2088.528547 2094.624879 2118.405244 1925.893473 1927.457286 1991.525991 1987.260990 1913.329439 2077.647958
1876.291180 1848.188740 1802.136615 1974.612109 1825.005802 1872.836532 1880.665787 1871.092849 1884.523975 1810.728466 1862.087099 1891.394060 1891.119172 1778.404178 1985.872415 1960.168161 1862.814835 1908.038091 2059.864351 1996.569165 2053.642144 2014.143701 2102.918274 2043.943142 1978.093943 2004.679824 1819.965458 2016.208333 1885.919085 1915.669163
1957.214490 1917.906284 1818.566413 1852.470416 1827.967965 1848.150126 1745.524171 1771.776236 1864.258688 1711.055642 1963.988675 1911.727095 1841.008990 1841.304974 1860.195222 1854.285940 1925.911328 1936.343191 1947.560933 2059.120957 2026.062572 1992.848906 2061.079079 2119.623324 1888.084810 1879.952883 1888.653790 1987.820689 1965.654142 2058.586202
1909.943575 1733.159366 2013.090588 1877.480246 1816.048449 1920.730409 1833.837246 1863.865682 1798.287447 1798.604773 1888.733355 1908.399681 1861.597571 1890.664532 1876.661619 1902.481911 1941.420089 1971.048388 2113.002538 2045.390025 2054.184527 2039.237967 2122.690772 2074.380980 1911.636970 1945.889996 1931.093297 1959.641036 1994.500988 2029.160767
1960.649269 1845.727886 1788.294737 1819.972195 1794.390587 1960.200307 1899.119015 1910.254510 1815.475442 1832.059925 1809.308482 1748.421491 1903.261218 1919.153603 1862.239740 1874.354905 1986.968237 1981.508601 2030.242950 1976.986206 1989.638387 2112.632028 1988.123087 2143.326184 1980.737188 1948.236725 1982.879569 2022.007620 1860.887523 1990.046145
2000.177146 1862.137226 1924.848285 1907.618530 1769.854370 1891.884783 1790.847187 1804.924734 1787.120948 1875.863938 1835.419422 1931.905499 1859.014091 1986.670335 1839.461786 2014.623187 1827.429958 2086.246162 1991.920939 2004.759397 2032.077501 1960.577693 2091.237192 2165.800274 1982.343685 1987.735045 1969.442678 1987.004108 2042.154245 1954.601892
1864.249597 1853.267923 1801.836318 1933.963175 1768.036390 1782.675661 1850.839836 1737.047670 1880.506430 1824.871655 1939.591124 1843.286516 1948.529126 1910.212922 1884.307472 1939.507659 1926.523077 1980.207453 2034.852476 2071.284454 1956.511124 2099.110064 2085.591543 2070.958282 2006.897768 1870.073969 1930.164853 1976.831351 1871.878300 2050.565562
1873.515542 1899.727635 1904.307327 1907.173459 1858.548730 1880.924458 1777.226740 1902.812621 1766.722429 1904.429656 1823.363653 1923.702027 1903.426601 1804.386415 1855.809634 1855.909230 1937.134946 2013.771362 2091.540732 2052.940334 2030.641081 2040.706496 1998.633431 2084.686622 1961.793589 1925.623580 1869.107038 1898.497205 1861.835850 1955.764433
1956.380734 1908.029351 1904.004100 1944.178736 1743.776927 1836.188913 1782.548082 1797.200595 1881.037961 1890.927038 1787.385846 1903.065630 1860.610768 1884.246453 1901.834556 2041.101741 1881.344311 2022.192834 2026.536209 2089.126521 2115.579406 2081.200093 2025.798970 2111.429278 1953.986326 1921.755009 1909.617536 1997.418518 1936.346387 2095.674218
1917.842623 1843.777048 1846.300718 1862.550050 1787.205880 1844.326054 1905.285485 1882.495180 1838.917690 1789.116644 1925.740454 1860.289962 1891.860291 1965.334869 1891.942331 1813.691907 1790.783126 2061.882121 1935.085754 2032.600310 2046.470826 2074.355952 2025.404304 2038.632444 2056.338417 1915.481608 1978.390670 1969.644548 1956.034370 1995.990673
1885.133450 1803.524295 1887.939888 1946.781293 1848.128600 1833.891363 1832.421162 1899.232412 1768.137021 1852.931877 1823.092577 1761.564403 1797.073572 1948.839688 1871.261832 1985.568554 1895.283222 1933.360155 1977.956024 2087.966083 2045.908587 2115.534648 2161.766224 2090.257356 1959.892897 1842.198270 2094.368062 1985.395137 1957.863302 2118.811926
1888.039118 1854.310025 1837.405197 1887.239379 1843.449242 1919.418500 1936.197584 1827.891408 1861.360643 1779.072546 1822.678172 1902.908015 1936.604104 1772.342201 1943.130975 1895.808261 1820.103666 2038.878545 1987.687383 1989.228900 2011.578252 2265.235725 2114.459952 2036.044553 1959.780977 1943.246410 1908.799994 1953.049589 1939.087868 2040.392515
1966.939781 1858.096218 1994.705448 1959.474845 1819.771768 1917.911597 1882.995566 1945.720718 1737.894801 1747.315144 1777.780047 1893.971628 1925.275619 1819.667268 1856.275527 1917.007697 1996.009577 2107.394422 2081.501133 2013.680333 1976.836903 2052.948306 2106.414946 2160.273466 2020.951065 1830.698774 1975.410969 1963.467185 1844.425992 1993.449736
1875.334978 1899.809376 2004.991471 1864.260165 1867.851362 1792.172968 1928.438749 1722.077419 1893.259094 1866.138900 1813.915810 1932.965078 1852.341806 1879.082101 1923.655626 1813.868022 2024.427838 2108.594185 2013.538782 2084.726352 2128.477528 2079.220522 2236.340810 2036.739263 2025.048323 1842.794891 1923.264215 1990.057742 1874.908739 2043.697657
1935.609420 1805.536968 1853.942169 1905.104630 1768.555752 1936.746864 1753.992225 1718.054013 1918.977769 1854.486729 1817.929549 1885.027688 1983.632101 1916.431275 1863.885021 1954.605048 1854.742165 1971.301352 1929.126084 2079.521993 1984.916894 2110.860120 2089.849104 2061.790087 2015.351057 1937.398312 2099.928938 2001.673117 1910.818990 1966.490180
1844.120434 1808.194879 1817.167634 1788.262672 1873.060506 1912.429855 1876.123811 1765.083797 1766.437145 1761.212788 1842.825789 1892.125119 1786.183443 1994.499876 1923.202529 1912.129646 1946.410125 2038.681417 2040.520328 1954.686815 2072.655889 1965.012753 2165.426177 2093.622308 2030.743906 1939.281550 1967.882354 1953.065324 1980.182331 1942.935466
1857.543171 1781.772555 1881.654089 1882.941707 1812.788636 1852.961570 1775.589512 1803.388608 1771.286191 1770.397514 1847.470501 1854.038153 1862.567423 1822.065049 1852.118191 1924.803113 1992.254844 1875.686501 2069.980333 2060.869514 1985.826608 2103.450919 2170.401492 2093.062181 2080.439946 1928.303720 1943.085913 1939.924627 1944.641478 2033.011022
1881.673709 1956.951440 1854.839629 1871.950991 1818.412020 1894.143654 1831.626260 1826.904477 1876.030311 1879.685236 1837.553532 1835.195487 1810.221624 1780.598409 1897.386810 1936.229371 1978.402486 2000.923376 2068.440876 1969.607625 2003.904940 2048.822041 2040.212292 2062.369323 2079.721674 1893.231089 1912.887718 2070.376596 1847.499642 1934.558448
1954.958083 1922.992197 1881.897459 1926.511718 1713.105043 1825.415186 1802.940547 1879.875674 1821.922320 1776.830594 1815.818491 1864.352968 1896.837858 1825.459420 1827.955635 1844.542890 1849.883267 1860.034631 2012.052090 2004.593184 2022.970699 2066.316611 2071.933815 2092.936079 1966.420302 1866.110635 1915.405390 2075.814741 1961.573087 2058.875308
1827.490338 1806.408949 1900.634895 1861.879537 1892.538653 1821.782269 1876.436314 1899.300882 1904.323718 1859.194747 1954.922620 1855.973981 1944.511381 1830.635980 1862.715759 1868.979103 1813.073338 1918.660049 1997.299687 2003.869871 2151.900079 2008.502034 2101.287008 2150.518158 1938.613360 2050.106267 1808.183066 2046.387299 1941.052231 2070.476012
2016.452413 1818.066296 1885.368007 1844.843163 1745.924318 1841.135701 1812.002504 1896.354387 1803.789582 1698.510737 1816.143048 1881.489700 1898.206792 1878.125044 1911.278337 1912.196697 1943.439564 2014.234770 2074.954106 2060.631091 1948.904659 2054.641680 1982.663294 2102.094878 1976.650905 1898.660863 1985.831984 2021.574053 1957.291978 2038.386748
1714.505066 1823.307220 1921.643196 1861.179302 1803.029305 1912.978228 1867.849154 1826.409443 1795.770944 1849.176071 1883.932201 1786.645534 1837.106827 1955.103437 1958.357913 1940.194375 1821.330016 2024.815095 2001.353596 2014.908255 2063.886637 2170.350495 2028.700354 2152.469043 2060.100844 1891.223478 1925.314069 2037.682031 1981.785803 1961.459891
1892.574738 1959.956709 1905.768171 1905.262474 1806.640623 1882.093387 1872.062389 1704.795032 1930.645317 1794.869064 1873.088784 1830.226609 1890.915219 1810.931065 1844.299783 1940.769403 1925.615618 1996.491832 2017.914387 1915.818162 2047.461456 2072.171913 2016.509960 2189.051467 1987.418638 1929.951234 2034.556466 1974.539588 1902.313129 1981.982814
1838.903104 1814.036893 1970.739434 1873.739594 1782.518993 1768.487200 1864.871487 1745.999446 1814.659452 1811.850051 1855.127362 1867.320591 1911.466432 1912.840188 1861.988801 1920.973401 1903.793587 2035.556946 2098.173322 1910.971382 2052.295701 2108.821277 2103.363236 2035.594728 2023.683747 1894.764076 1893.375858 1954.704404 1827.429621 1959.694380
2019.610308 1890.898984 1878.927584 1785.980951 1924.969010 1862.320140 1805.514037 1819.078714 1877.368437 1883.953495 1756.925135 1860.490493 1864.100773 1882.382587 1879.104476 1912.735645 1965.606446 1993.059649 1989.994871 2078.645122 2024.053395 2056.314030 2139.518368 1967.984036 1956.125249 2010.945075 2040.563748 1874.620325 1938.463682 2105.293990
1897.264812 1834.613349 1854.420183 1821.609881 1886.086092 1804.827922 1851.454261 1866.045340 1966.192992 1929.893178 1820.037736 1788.875063 1904.962060 1869.743796 1923.947812 1792.073616 1963.512512 1972.102292 2087.607765 2107.688174 1930.895263 2130.631907 2032.935377 2116.192705 2093.814371 1977.678510 2007.890911 2006.195523 1982.062374 2126.246961
1887.079895 1774.101872 1845.288050 1837.476694 1762.487178 1824.116927 1797.574821 1899.838419 1941.775260 1913.469094 1843.116847 1822.200311 1902.930686 1930.631730 1834.085171 1847.492754 1880.531542 1907.134902 1984.165882 1904.722527 1952.323478 2106.358147 2119.033779 2193.488035 1894.145553 1936.250854 1849.763194 1886.450911 1882.147023 1978.426390
1796.097631 1865.307403 1910.795210 1979.209043 1867.163247 1865.742672 1943.105006 1800.529112 1774.426438 1926.222669 1926.299273 1799.782824 1839.140524 1903.789534 1826.474620 1862.340989 1867.984527 1988.413639 2103.899392 1970.480595 1975.705605 2064.537680 2020.180956 2096.005194 1972.053724 1898.032949 1856.254501 2020.484863 1916.390902 2013.130893
1940.377692 1811.604097 1926.196065 1920.171899 1822.925445 1794.855648 1879.341030 1904.982329 1943.331732 1784.047824 1900.079637 1879.120748 1898.361128 1962.320458 1914.803799 1890.485481 1926.193034 1930.056061 2064.770524 2023.013274 2022.873200 2025.546521 2028.591017 2061.964935 2136.476207 1982.601858 2014.531805 1873.844621 1996.185944 2004.300510
1956.330448 1964.833474 1957.043083 1808.787191 1754.099890 1907.843410 1837.451597 1843.947189 1782.328539 1885.048283 1816.209331 1903.047880 1903.206666 1819.199824 1836.743639 1941.583985 1859.122400 1981.837372 2058.640409 2047.118102 1890.689979 2128.930177 2001.351858 2059.502364 1968.722630 1871.739155 1895.350385 1967.983476 1881.357834 2075.209106
1873.513671 1877.687670 1919.235237 1835.136767 1884.560151 1773.203827 1810.407443 1807.492919 1766.235987 1775.000867 1853.126776 1890.055157 1955.898508 1925.037469 1912.530765 1873.499060 1880.571906 1896.622439 2090.087983 1989.000307 1983.481181 2009.843793 2109.851684 2101.987219 1998.539101 1837.555668 2030.559406 1997.850499 1994.015007 1990.988850
1937.436211 1885.669931 1892.351144 1944.530550 1795.011310 1833.067763 1724.113511 1830.133075 1833.221487 1737.254869 1873.778054 1944.177212 1800.983415 1890.699941 1847.294426 1901.948822 1852.257383 1987.411968 2001.843440 2116.440732 1995.778743 2091.100096 1984.322413 2063.606237 2048.009344 1871.352840 1982.275247 2010.083996 1971.050514 2000.739759
1990.838406 1894.162248 1851.860065 1851.189330 1894.883578 1765.012312 1832.999867 1841.016519 1883.816228 1785.324918 1860.521192 1824.350968 1855.956419 1883.079666 1866.346343 1949.356194 1960.555214 1902.104830 2113.328995 1941.803527 2045.669057 2047.551718 2136.548274 2072.349290 2013.520103 1912.568517 2001.832784 1972.650044 2035.239559 2060.187341
1925.240106 1894.502679 1895.326330 1879.322129 1752.618918 1810.155438 1795.997714 1819.238634 1848.798879 1814.872488 1830.371576 1989.079301 1921.986183 1781.624615 1938.121913 1819.914259 1890.871427 1913.566597 2005.168248 1978.888790 1931.459059 2042.919795 2032.025454 2214.181237 2084.541932 1893.590568 2012.835372 2025.869002 2009.721851 2040.843716
1915.132707 1733.573393 1896.663103 1924.371883 1850.493482 1804.614674 1807.250856 1856.550492 1849.926081 1790.043414 1804.676219 1909.121078 1879.682045 1899.696424 2013.750207 1926.297915 1895.060532 1927.402823 2110.279571 2056.459360 2132.298144 2000.446911 2082.278327 2077.466190 1991.365172 1869.698095 1993.831115 1947.714815 1917.543109 2075.288755
1939.737247 1866.015104 1915.214837 1887.575727 1796.791346 1777.119599 1744.070492 1861.150313 1881.567076 1904.093351 1932.867486 1900.426013 1845.269865 1928.841623 1926.511617 1890.683825 1784.463184 1852.262029 1950.037340 1900.556304 2003.827727 2123.462406 2056.330756 2083.913201 2031.244233 1884.522635 1935.054830 2123.343527 1903.474467 2065.310118
1965.900875 1923.658102 1971.171463 1780.738033 1769.057226 1903.401802 1819.648285 1820.037575 1826.674410 1809.810028 1878.433474 1858.896783 1727.581137 1836.414730 1950.637157 1861.707662 1883.191771 1760.620512 2056.486046 2025.401198 1961.786447 2057.220861 2157.553608 2040.027465 2015.900159 1963.761281 1899.954077 2032.102574 2031.647477 2035.223130
1820.109408 1879.694195 1897.991227 1895.625264 1818.891287 1800.677828 1873.679140 1772.357731 1872.194120 1796.562258 1966.500715 1843.960139 1893.251498 1846.970260 1855.742457 2023.304205 1759.623154 1897.773493 1979.074798 2061.049887 2051.996458 1975.953088 2057.795379 2170.072590 2130.365990 1892.101396 1833.073538 1944.491014 1906.508544 1969.377583
1813.997879 1855.162751 1965.748999 1929.702781 1763.284979 1893.560240 1882.742431 1859.765026 1862.292439 1806.163555 1892.282670 1960.933330 1912.885637 1799.957175 1877.258157 1900.948626 1951.241189 1962.147151 1919.925891 1990.261286 2087.484501 1947.479289 2100.929666 2066.963908 1972.321597 1904.549891 1901.651873 2002.611868 1854.702395 1990.589198
1917.627079 1866.770254 1909.075292 1983.703521 1875.696792 1788.588719 1790.106286 1783.921581 1798.468457 1866.927262 1876.794871 1897.493561 1974.415880 1870.912440 1890.986545 1861.864586 1921.855877 2084.297373 2074.756873 2124.260001 2136.859784 2111.308990 2022.687455 2173.034684 2055.849041 1961.811371 1923.746799 2016.743668 1832.510846 2080.983608
1868.104444 1876.196483 1964.538259 1952.270756 1815.332793 1798.422755 1873.821416 1826.438288 1761.963190 1731.182340 1937.235405 1743.233031 1885.831248 1890.944936 1847.459909 1931.343973 1963.070137 1955.786073 2110.914192 2058.626493 2089.964642 2010.876446 1958.403770 2110.610414 2053.177177 1998.197207 1954.405736 2035.113977 2001.460845 1984.712317
1799.111699 1931.199239 1886.587942 1895.494892 1805.819359 1849.704541 1806.063033 1795.571481 1845.892079 1875.670787 1918.223528 1802.602485 1873.554782 1970.145792 1914.142219 1975.823340 1910.691273 1958.629385 1896.245653 2026.680025 1972.203852 2039.718323 2075.515198 2097.257554 2059.226912 1829.871390 1878.841624 1958.691334 2095.790357 1990.569734
1951.940753 1777.559973 1926.620335 1853.166813 1761.728036 1853.206124 1847.528263 1842.188271 1768.303096 1834.261375 1822.325400 1879.621354 1910.279936 1883.331125 1993.713877 1857.527431 1846.296006 1918.172839 2027.436044 2011.593936 1933.404268 2015.908784 2095.852895 2056.147684 1979.766763 1897.889421 1976.457648 2008.577875 1855.447534 1996.196035
1891.714150 1768.385140 1902.521827 1898.102118 1818.371538 1855.030036 1819.090701 1788.890777 1851.464775 1806.595975 1885.754289 1885.133973 1866.756035 1911.067462 1898.569947 2010.818670 1853.614415 1982.214245 2032.852261 1958.145536 2028.267809 2122.638371 2019.058707 1994.750121 1950.756375 1969.171049 1867.220622 1981.805797 1928.272552 2023.274014
1837.005594 1855.161430 1842.092019 1949.218365 1851.760339 1860.821965 1802.345921 1843.735112 1909.622984 1774.311678 1882.665079 1911.476035 1816.167843 1898.608970 2004.375208 1792.165039 1891.461366 2016.452572 1939.261297 1961.848437 2061.746162 1987.893527 2077.059757 2107.960777 2093.143208 1986.076485 1913.834250 1876.948602 2000.352058 2024.298232
1877.284021 1939.580550 1891.281516 1842.893891 1777.160037 1854.839226 1848.975100 1791.371918 1798.250651 1799.718761 1967.738915 1763.842490 1975.160696 1965.812262 1896.062616 1967.552860 1833.382268 1982.162332 2043.228944 2005.106090 2014.783638 2066.773793 1960.026512 2012.864562 2040.023639 1950.863505 1978.900975 1997.097901 1922.757774 1981.063653
1831.936419 1861.569658 1957.314877 1904.666705 1899.759326 1900.684260 1803.042399 1796.586159 1795.137182 1777.313597 1896.097698 1915.154498 1925.502526 1884.556630 1906.860164 1847.710983 1830.273721 1958.591230 2084.821145 2027.134812 1952.544370 1937.138507 2071.563023 2173.611051 1966.423695 1914.621102 1942.996874 2021.593200 1933.039585 1999.361860
1870.129522 1807.454560 1917.830112 1867.314897 1812.433603 1828.498904 1821.728478 1773.142656 1821.698803 1903.907668 1775.022184 1987.886493 1864.086821 1873.282619 1875.781488 1965.595483 1911.794855 1966.460738 2137.790504 1996.379582 2064.091328 2059.428878 2147.339409 2100.004929 2000.956606 1967.751298 1951.191162 2039.826234 1954.111519 1982.121639
1862.783051 1822.605914 1896.454702 1920.864548 1903.066536 1860.571885 1745.098165 1733.150023 1866.778619 1872.822737 1799.547704 1891.780835 1890.457770 1757.425603 1896.974089 1822.216375 1936.103874 1909.483613 2163.439172 2002.855325 2068.784359 2057.195239 2097.494091 2074.752938 1959.330090 1935.869563 1892.969417 2016.581172 2049.121580 1918.736627
1897.700723 1991.181480 1901.591633 1890.714961 1823.257167 1850.920873 1882.095020 1799.280596 1827.618619 1946.058197 1865.174916 1901.281774 2016.581728 1964.072103 1997.292695 1852.082749 1911.669470 1921.384230 2009.289851 1971.216891 2002.625507 2008.460612 2070.121826 2047.303684 1968.959761 1879.464863 1861.604021 1965.906439 1892.954632 2019.439858
1935.645763 1751.804374 1824.063900 1786.356080 1717.525292 1809.474695 1916.770932 1902.493198 1845.503414 1835.897585 1952.557766 1810.603090 1920.934214 1853.699020 1856.445850 1999.684231 1982.553634 2051.705530 2044.869510 2097.673928 2061.626601 2037.226925 2170.935750 2112.707320 2032.650299 1940.150373 1942.049506 1996.881528 1992.305674 1917.528093
1959.050039 1962.805961 1955.321119 1763.280448 1836.665520 1896.829724 1883.484148 1797.770559 1754.941454 1807.282182 1895.660340 1914.515752 1882.194392 1943.685551 1874.465850 1846.562145 1962.082550 1936.574950 2020.564401 2095.284641 2168.583555 2077.241860 2151.527358 1987.780152 2085.661617 1894.298755 1952.105747 1922.599161 1874.696067 1951.290505
1923.364598 1877.432526 1861.140510 1891.655646 1755.857406 1976.639619 1869.572345 1768.826389 1906.283004 1818.484934 1837.406593 1790.655865 1872.145661 1822.175519 1814.160273 1999.983302 1824.200030 1905.398424 1953.672041 1941.915604 1909.039372 2076.562916 2070.807775 2130.376340 1953.089210 1982.335106 2012.353802 1945.396043 1943.937334 1984.431959
1960.325173 1926.733671 1919.164906 1936.526271 1842.303269 1985.598334 1805.768994 1926.593894 1920.184075 1863.481512 1905.189713 1882.149809 1883.204237 1882.376398 1904.663950 1952.556416 1864.419430 2064.236832 1971.363859 1853.495203 1983.424445 2103.638017 2105.452762 2023.102548 1985.772179 1923.273442 1942.082367 1951.844299 1932.135866 2005.994910
1948.856488 1868.302259 1933.555849 1872.576762 1897.865573 1852.535277 1725.975455 1844.961602 1831.766400 1856.833370 1877.353205 1901.871687 1888.383282 1944.095151 1990.083897 1907.101966 1894.558593 2065.557183 2002.632305 1976.061247 1952.650334 1984.718169 2098.902321 1963.165420 2077.073643 1878.652708 1862.353389 1896.872886 1882.677268 1893.027154
1849.791790 1819.178575 1908.161594 1848.184707 1821.829119 1898.405285 1790.220030 1770.050605 1841.169162 1785.132263 1891.826257 1925.327611 1842.770304 1851.704118 1856.228999 1930.232768 1867.770534 1917.338860 2086.509261 2105.583583 2042.293390 2085.906338 2096.167825 2195.939196 2076.684914 1866.366520 2030.704030 1981.528939 2025.608870 1970.746992
2000.792460 1933.295820 1852.123451 1887.634574 1919.522547 1875.711305 1839.094955 1759.668740 1864.133380 1766.501375 1813.288993 1933.084855 1845.012343 1936.691024 1892.508555 1857.774682 1930.180666 2072.188020 2066.790166 2075.556919 2122.569068 2098.463424 2049.238804 2133.388882 2012.509037 1904.186969 1920.014767 2004.958425 2016.692767 2061.900824
1846.891073 1788.956609 1833.668088 1903.773852 1728.222477 1857.694527 1741.100502 1830.457509 1792.800291 1746.593616 1921.526090 1986.224339 1924.657194 1956.873411 1952.989518 1917.705105 1951.759444 1930.554666 2028.732382 2017.421429 1996.761852 2105.746540 2134.171945 2119.839508 2118.162709 1941.932527 1919.908625 2005.889278 1878.661743 2032.986868
1820.836555 1834.297916 1967.194083 1956.846095 1779.329882 1904.223551 1863.237146 1930.991003 1804.332059 1831.505851 1839.172851 1901.386234 1787.732919 1900.891734 1885.547685 1923.789134 1916.781797 1991.631186 2153.923114 2111.060204 2028.282789 2085.255377 2057.387460 2117.930598 1960.424655 1956.726847 2041.273783 2000.465958 1943.996985 1998.764274
1834.270336 1874.750515 1819.757836 1852.097344 1843.031276 1921.579855 1806.806821 1881.425446 1867.305736 1817.705505 1851.962733 1843.697414 1959.114568 1894.086885 1980.625567 1895.795269 1984.347510 1939.905399 2044.672721 1909.645457 2079.803113 2164.223626 2103.614540 2135.184556 2063.651723 1953.449167 1986.091431 1896.924842 1867.882662 2000.369389
1947.053830 1886.960045 1812.106016 1927.521048 1859.546479 1928.356705 1838.404320 1789.066887 1894.333291 1822.353143 1941.181624 1971.067284 1859.412419 1848.910841 1909.005140 2035.207416 1852.622728 1999.252951 2068.220901 2031.011551 2002.997778 2002.408452 2025.569473 2140.791571 2024.046676 2027.216376 1826.782743 1902.278991 2036.478212 1982.974471
1912.754750 1921.542244 2043.290605 1876.611753 1836.520059 1946.169454 1822.312631 1918.251484 1839.781361 1909.323347 1834.102683 1876.592198 1919.767500 1899.157694 1807.741871 1949.104450 1941.069426 1908.531147 2119.060667 1961.596976 2014.209199 2040.165341 2017.954532 2060.161946 1972.619202 1837.611066 1840.773273 2000.051893 1961.940525 2011.613331
2009.931632 1856.809724 1934.761210 1883.421424 1763.081307 1892.928853 1741.961938 1853.819444 1821.540839 1859.122552 1839.597462 1774.992912 1799.698001 1949.236910 1948.523640 1896.385294 1877.808604 1957.760686 1988.360150 2012.870394 1989.791814 1923.504741 2192.378110 2087.113914 2001.393407 1902.724189 1962.334811 2046.715462 1878.416298 2072.000665
1885.422799 1816.949524 1916.325277 1912.460692 1922.640784 1851.111025 1821.178027 1868.260826 1849.731170 1881.418727 1985.156037 1957.772152 1917.376986 1837.815179 1838.992139 1948.058393 1878.760125 2036.273126 2136.502988 1985.350741 2125.696507 2077.808794 2128.707102 2127.853890 2064.731594 1971.966329 1950.249997 1945.022560 1795.881223 2048.113650
1826.171303 1782.231302 1896.551541 1849.320854 1836.675014 1893.896540 1865.754580 1789.890869 1760.739230 1716.457776 1834.409038 1799.502584 1923.355351 1939.818555 1898.324251 2007.313222 1893.701484 1905.594986 1951.721928 2111.800259 2040.663670 2060.939505 2039.284563 2079.907381 2124.838275 1957.250460 1903.217847 2041.823822 1884.643753 2109.746481
1859.623307 1793.255133 1946.011708 1868.192417 1683.438333 1906.064195 1784.714138 1922.995302 1834.055408 1730.421120 1815.558031 1821.609333 1924.489715 1892.531899 1960.089434 1858.716391 1928.431099 1980.906947 1981.959616 2085.321226 1953.392285 2017.341297 2021.787452 2080.666708 1902.647106 1998.128522 1927.989197 1916.264569 1995.080014 1925.130087
1930.102511 1882.651317 1942.010956 1934.460514 1901.736668 1956.542166 1835.799534 1792.839659 1787.038034 1723.575187 1784.690564 1822.063265 1911.895074 1839.954760 1983.006902 1874.064236 1900.934038 2078.622962 1966.030054 2007.585834 2060.860145 2024.013750 2133.721447 2100.865797 1994.965508 1896.103194 1855.283834 1934.568782 1891.392441 1979.761884
1939.318458 1831.797975 1870.991202 1834.069225 1848.221289 1898.059432 1860.215912 1729.256993 1895.794726 1826.612664 1926.393682 1833.849788 1884.153465 1873.472799 1841.719445 1840.633997 1983.281697 1939.316977 1942.125263 1996.832567 2061.242796 2019.922674 2105.803475 2138.811128 1999.699118 1997.833836 2045.663301 2040.816744 1910.624808 2014.242672
1788.117317 1816.975210 1876.211141 1786.591497 1871.558637 1867.775472 1771.920926 1785.679532 1867.714176 1866.408053 1826.457704 1825.026657 1889.201074 1796.771677 1873.991284 1890.114436 1915.815992 2063.383585 2074.398013 2135.451159 2030.645142 2180.941555 2104.011604 2031.651837 1960.321653 2008.438631 1971.743833 1910.731393 1997.895686 1922.966381
1879.411508 1867.923326 1987.295312 1896.597625 1768.423967 1849.984358 1919.367533 1730.908723 1835.654885 1880.838556 1930.803605 1911.730998 1771.184407 1821.657015 1933.350502 1951.155214 1870.736555 1953.348022 1987.522422 2015.576838 2133.898199 2041.869444 2061.256441 1995.930103 2057.619003 1940.804840 1987.176449 2017.220330 1932.112587 1952.548956
1870.312747 1925.717808 1878.795332 1819.139263 1849.274645 1839.994723 1762.989666 1871.097900 1879.905288 1808.026308 1959.502948 2002.139823 1831.748772 1917.979855 1878.345605 1902.296750 1950.431322 2014.489528 2171.743735 2075.610895 2033.229189 1997.144157 2011.253264 2158.732090 2044.575335 1983.613383 1997.555157 2099.193633 1866.178030 1896.305736
1861.261148 1837.225567 1948.928467 1859.056918 1893.578684 1837.611295 1852.341157 1746.666912 1864.774703 1817.732010 1893.106917 1828.602214 1857.610939 1972.087896 1915.718909 1943.949090 1970.877743 1898.742460 2022.257012 1958.073262 2017.257531 1955.149913 2040.360100 2108.699387 1935.895822 1910.230076 1951.941792 1954.196953 1851.288305 2052.702962
1892.383586 1906.734914 1851.489100 1801.724263 1865.598633 1831.252592 1773.863626 1722.743861 1894.432944 1798.307559 1958.120227 1846.534311 1857.780204 1818.883372 1846.616544 1903.643056 2031.069524 2010.235077 2160.401223 1995.432520 2093.269048 2069.072093 2046.059709 1992.740878 1979.123601 1868.777674 1936.986157 1979.485954 1916.135903 2023.485291
1879.740697 1806.465046 1814.294561 1981.567766 1865.403460 1934.745183 1882.813650 1868.836423 1724.557265 1852.479099 1827.913315 1905.358571 1995.375597 1879.904844 1966.946793 1904.406683 2006.544510 1841.831566 2019.930816 2079.183548 2061.128169 2053.846347 2063.107266 2133.215916 1993.404665 2040.441606 1926.768357 2089.665356 1885.513970 2002.756378
1837.203208 1870.929907 1980.016960 1881.319479 1816.149841 1846.127459 1822.488217 1869.378395 1823.051055 1803.712192 1788.450348 1754.274199 1937.555309 1889.586064 1996.544291 1916.612444 1913.294091 2033.556481 2007.270072 2181.518565 1968.247217 2059.458355 2086.698271 2136.531346 1909.714846 1909.844110 1977.285578 1993.675496 1957.025290 2009.673690
1916.607080 1868.153742 1889.246145 1854.630694 1821.082745 1915.894339 1780.386544 1785.775049 1884.028311 1833.149749 1932.782595 1987.864029 1987.226415 1866.942742 1861.532536 1930.690776 1921.975157 1927.445138 2054.557318 2044.981126 2071.095627 2073.600786 2003.451234 2053.707802 1994.561649 1932.599926 2003.053475 2031.807942 2049.310938 1938.056258
1932.531267 1794.763730 1866.869273 1901.148021 1798.383446 1827.616432 1824.309545 1901.513985 1804.822926 1947.978449 1881.244637 1896.496536 1933.404685 1958.878365 1829.832110 1954.472366 1927.979285 1905.775779 2032.917437 1989.268807 1981.477583 2023.913420 1998.463511 2029.021482 2043.558944 2003.324946 1996.724375 1983.434992 2003.938370 2067.905609

