1879.998737 1821.804065 1752.989722 1914.646393 1723.139913 1923.179186 1845.161769 1805.507666 1906.438475 1847.724115 1746.262221 1796.335221 1914.977704 1951.377236 1995.191325 1964.745677 1908.277192 1943.872346 1950.780819 2020.305828 1831.507299 1869.842605 1960.739684 2017.240502 1863.682455 1824.897262 1713.289779 1771.222707 1767.634137 1654.244252
1791.837188 1847.638375 1812.933889 1795.582496 1819.677177 1766.087271 1861.627255 1890.702767 1804.994778 1864.404201 1816.926850 1835.362673 2036.504317 1796.283884 2065.030137 1909.986976 1820.672643 1845.675851 1954.788435 1986.403359 1876.333249 1915.886803 1876.533929 2035.995920 1856.213261 1762.386377 1896.523279 1657.385377 1702.249951 1667.016982
1800.232488 1798.433932 1855.892702 1756.149541 1746.082958 1802.014742 1874.734444 1858.427977 1799.358155 1783.077175 1840.227883 1942.396526 1949.489304 1950.092005 1886.928320 1951.620813 1933.934597 1761.601650 1922.722945 1952.636396 1960.496540 1871.311438 2003.242746 1920.328495 1778.865556 1752.268460 1782.005306 1640.670640 1659.268749 1661.398063
1873.008264 1800.052891 1817.024129 1829.616347 1804.422094 1731.637265 1905.819211 1765.794864 1898.537435 1974.253702 1808.693328 1829.811193 1979.546355 1958.344523 1908.234127 1882.119421 1922.758606 1958.688652 1962.782127 1984.065189 2020.307395 1970.526849 2031.874620 1903.161253 1849.572922 1799.640179 1773.058783 1727.795435 1809.698501 1668.907838
1823.149912 1830.341551 1723.858460 1724.881669 1740.972168 1907.055065 1901.590449 1935.749802 1780.156838 1765.174423 1848.661978 1860.593770 1936.716962 1900.348487 1959.715384 2008.500568 1902.391390 1969.096208 1904.754201 1848.861999 1941.778112 1956.344441 1962.861031 1977.589853 1736.823059 1791.899074 1820.505087 1729.456585 1662.349191 1628.015848
1816.993931 1768.838616 1799.200979 1761.945724 1840.960694 1835.992895 1960.541147 1839.253649 1821.328851 1882.892314 1828.708346 1754.614066 2097.613052 1876.934410 2060.713099 1908.484514 1855.099232 1906.198931 1992.097810 1973.278561 1929.716111 1934.615446 2057.227956 1923.270355 1770.529998 1819.657125 1802.340120 1705.300278 1655.039842 1764.263250
1922.255832 1814.505103 1745.427120 1713.316776 1768.666619 1854.294199 1894.323533 1932.298111 1910.453983 1897.555247 1923.660141 1836.089125 1990.154273 1903.626014 1946.577140 1864.767028 1956.926041 1888.136546 1909.585416 2080.340196 2007.245726 1990.993236 1935.304429 2023.514340 1832.878608 1800.016444 1759.954172 1664.825580 1799.418607 1673.684683
1731.591008 1745.486670 1724.340174 1783.350237 1806.170220 1793.346349 1867.865479 1818.651101 1971.693564 2020.567584 1941.557455 1893.064541 2021.363460 1833.373583 1901.522036 1942.461865 1932.149278 1910.920209 1987.627729 1923.352692 1865.565186 2020.748346 1996.624136 1887.558616 1868.660155 1713.641440 1792.878698 1790.176580 1702.228088 1781.619809
1804.679318 1828.604072 1809.423542 1923.949535 1778.082289 1862.689998 1878.655186 1910.131100 1847.888804 1917.063479 1828.844545 1824.273828 2038.115823 1925.735370 1901.519401 1951.800691 1841.257526 1800.725715 2039.512953 1984.475494 2010.857182 1972.127477 2001.122925 1942.884830 1767.507103 1723.077299 1798.633864 1729.920246 1744.007041 1717.932112
1817.392444 1749.055763 1831.248836 1798.197692 1767.030771 1916.922463 1820.708669 1802.868895 1794.448335 1938.275373 1868.795240 1789.229597 1839.850636 1966.834729 2038.818989 1920.355013 1926.416709 1911.947144 1930.617676 2065.873871 2056.403653 1918.372609 1997.441449 2075.579790 1849.937661 1723.724147 1859.660654 1786.069445 1735.242235 1776.766231
1832.418731 1808.095669 1831.397478 1704.606642 1797.367349 1763.416170 1902.570883 1926.214838 1851.775169 1801.336989 1895.026094 1887.286860 1898.456993 1910.407211 2015.451652 1857.384999 1904.917503 1828.839811 1936.414609 2014.793891 1942.753931 1984.022012 1909.796857 2025.791179 1733.632230 1759.831444 1812.257876 1717.045380 1752.063072 1671.947221
1670.998300 1871.056432 1836.418664 1751.790393 1843.235990 1778.398718 2045.472767 1789.648401 1768.467803 1846.102978 1885.555940 1848.453372 1933.351773 1914.634582 1938.242664 1966.641811 1904.378447 1750.023341 1918.262277 2037.292107 1899.354425 1942.333334 2037.425561 1982.648139 1859.901038 1729.178618 1784.456200 1712.564733 1769.746249 1684.157352
1810.351475 1781.840670 1823.997632 1758.156654 1760.418103 1794.386285 1825.869511 1879.691557 1821.145609 1809.965080 1801.198903 1874.312004 1879.078564 1871.120688 1929.049653 1955.168154 1775.449814 1896.455092 1906.786127 1996.892670 2026.215329 1927.567678 1988.598342 1918.107063 1798.624622 1789.416832 1683.886201 1630.001200 1785.392998 1672.148038
1889.391309 1822.267472 1813.919105 1805.092952 1803.047890 1826.238673 1899.453071 1796.359479 1863.708996 1908.371689 1771.355037 1884.011674 2031.528991 1994.757167 1961.862786 1925.774029 1859.301442 1863.744624 1887.913826 1914.677453 1982.935815 1959.798618 1996.546426 2054.503837 1854.710962 1758.080090 1772.558748 1684.532533 1665.309372 1631.337001
1849.126857 1822.320753 1890.860003 1828.799468 1821.015360 1807.629829 1995.662822 1863.653844 1883.046049 1847.565394 1979.674151 1879.517130 1985.894580 2019.143284 1994.801917 1842.934025 1870.698022 1798.139600 1934.989892 2018.719444 1989.659063 1949.611210 2018.701887 1982.970211 1829.490720 1704.146368 1782.044528 1684.198996 1792.300960 1607.324080
1756.042747 1813.298413 1800.509213 1755.202396 1757.616575 1972.886775 1849.254141 1778.087576 1878.645929 1844.432755 1843.975567 1751.806479 1986.394472 1984.642839 2050.617007 1835.365069 1862.229067 1817.529866 1977.961572 1968.320409 1931.792986 1881.056388 2047.907829 1993.555751 1730.356163 1742.264403 1851.640042 1735.372145 1718.117487 1589.702038
1922.521410 1764.573461 1735.748575 1812.890928 1692.711678 1756.142194 1952.004857 1883.813980 1925.365452 1921.050850 1942.298092 1871.226318 1821.994752 1993.063716 1967.354829 1990.493919 1924.367729 1814.081908 1878.829853 1986.923085 1984.375586 2030.139637 1920.221274 1933.826162 1740.134784 1772.873522 1764.304922 1767.556667 1690.314742 1716.126990
1732.697210 1789.773254 1781.027142 1812.243876 1656.386379 1739.277606 1855.059275 1794.968083 1829.973705 1950.512075 1906.582607 1824.284113 1919.814143 1891.807518 1982.936561 1909.879473 1971.165647 1947.751211 1936.360306 2067.529008 1950.672034 1942.205649 1998.190681 1930.919284 1816.808456 1593.752541 1680.617148 1696.216309 1766.043639 1693.662284
1893.390208 1782.153038 1884.600089 1827.050213 1798.014543 1746.442598 1983.002087 1754.365839 1818.525369 1824.354584 1971.152289 1883.361853 1935.058317 1918.258085 1914.056359 1803.271387 1980.036125 1925.206430 1909.418441 1975.402288 2015.397051 1939.700364 1910.724267 1953.141133 1752.345280 1733.440420 1767.778799 1763.051430 1760.356166 1674.608372
1906.534568 1871.456176 1890.378217 1843.189797 1788.187149 1819.625606 1850.473424 1824.390497 1802.343249 1932.812987 1816.675265 1867.169516 1949.236927 1888.137250 1938.879120 1979.581053 1921.248958 1832.723891 1919.003041 1977.676459 1848.717185 2015.870733 1924.006869 1860.559131 1836.549012 1813.632995 1773.556875 1676.429881 1758.443731 1730.296827
1852.028216 1731.758891 1819.980400 1752.169035 1729.470395 1886.015251 1997.518773 1778.843744 1895.012604 1931.773479 1953.031396 1835.920145 1892.708766 1955.284105 1977.575195 1816.833563 1964.088832 1963.233599 1925.495832 1873.660377 1894.925122 1952.319290 1977.429592 2021.841837 1769.506814 1790.209159 1718.132207 1681.519002 1707.867508 1811.748270
1995.835506 1852.207624 1856.007610 1777.105415 1721.993549 1893.129652 1915.502544 1796.960402 1858.169713 1952.318306 1862.226558 1847.191885 1958.890981 1844.775177 1846.406395 1807.137789 1859.655559 1888.768398 1872.963272 1946.516621 1993.841952 1975.846094 2043.261190 1906.445904 1820.224124 1832.459158 1838.706592 1677.523648 1800.402762 1772.169028
1893.509349 1877.301898 1827.936052 1811.053289 1773.753314 1829.271113 1921.664939 1874.680953 1825.493001 1890.394630 1958.557898 1800.778149 1864.720059 1914.033557 1955.726772 1933.304304 1991.364213 1902.569415 1844.936855 1972.173554 2011.225308 2009.017849 2069.088351 2018.125402 1731.367074 1681.740905 1725.477494 1741.342459 1770.139066 1610.720396
1818.271966 1864.645047 1756.515539 1793.201828 1804.687024 1834.349236 1848.231028 1958.554113 1784.255898 1902.061939 1857.520089 1869.437861 1912.988092 1949.694510 1981.737782 1938.186270 1769.638720 1790.398890 1860.471159 1833.987376 1877.492015 1980.593237 1919.714502 2097.026603 1850.576756 1777.464999 1631.648474 1783.740885 1779.977385 1673.915193
1750.369624 1751.509363 1864.465550 1728.994048 1761.465510 1778.753384 1834.537472 1892.518795 1820.231210 1834.761592 1784.741948 1827.218225 1969.022531 1938.510953 1961.863851 1989.422166 1923.597480 1818.529336 2031.610953 1919.944143 1965.883102 1938.520384 1897.712420 2062.139995 1806.228478 1787.044764 1789.717331 1738.934319 1725.148698 1666.980979
1909.359984 1778.988928 1859.549892 1771.875314 1751.169215 1873.211561 1887.104581 1855.538148 1935.501649 1838.487919 1964.597040 1731.758376 1980.869175 1886.974334 2103.118779 1776.113699 2010.499864 1900.031767 1970.915534 1888.105920 1864.799276 1905.720319 1953.772609 1966.574296 1783.263929 1672.435440 1783.982161 1687.570480 1757.468397 1641.085163
1858.070117 1692.193069 1852.987326 1807.798017 1800.312774 1686.600859 1844.105921 1903.075662 1870.304963 1925.731483 1895.761902 1836.698565 1952.008129 1843.629055 1862.419986 1966.347970 1907.903772 1984.242056 1813.835859 1987.922685 1907.941182 1838.900437 1983.617270 2030.628599 1869.710903 1804.326027 1762.995638 1739.986570 1762.222146 1742.780110
1844.839447 1833.503365 1798.420815 1739.461431 1857.435455 1840.838603 1935.179408 1933.971422 1784.681551 1946.851828 1855.915358 1829.052267 1926.237677 1886.782956 2074.470874 1959.813257 1855.441335 1865.563513 1949.081691 1941.248697 1909.639712 1988.454642 2021.233531 1921.810701 1792.079960 1775.210742 1726.075788 1769.512051 1843.535941 1684.999594
1830.453956 1808.044891 1831.460247 1831.539659 1776.224415 1806.253872 1827.675058 1893.448089 1859.788074 1848.294394 1889.811365 1896.045647 1998.475567 1939.308932 2030.159273 1967.830198 1901.018396 1889.734361 1924.386069 1987.073599 1876.121639 1905.457806 1941.158207 1919.101476 1845.400547 1762.405322 1788.519276 1692.345667 1706.001308 1578.516784
1835.443871 1729.880395 1775.929828 1843.847155 1768.511122 1810.180272 1837.624078 1864.953243 1848.098533 1877.418701 1899.984373 1785.789580 1986.428453 1883.831338 1968.210822 1986.777324 1903.507197 1895.459631 1981.370261 1876.991568 1956.551424 1970.070335 1980.420555 1991.635069 1782.549861 1742.671994 1764.449492 1652.509714 1837.408880 1668.075844
1800.164783 1796.115267 1817.508773 1839.395563 1773.745773 1895.331453 1758.997875 1889.167439 1920.860994 1883.581811 1862.387529 1815.170742 2006.649919 1862.709422 1933.626318 1792.208776 1910.835746 1869.466835 1925.777310 2012.953863 1913.179499 1939.772624 2022.698894 1927.690536 1835.647288 1816.173184 1680.971384 1701.502804 1786.844989 1736.391182
1820.809456 1780.512686 1822.985758 1872.010334 1750.888881 1935.182680 1888.413080 1904.417573 1928.255523 1820.128179 1911.924049 1833.745965 1981.638200 1953.008249 1925.236835 1934.631608 1928.884686 1947.624606 1956.237825 1955.169571 1994.066537 1974.793466 1983.482074 2016.222075 1713.102997 1790.930510 1615.915577 1770.246155 1663.915900 1735.461547
1767.724897 1867.666921 1806.682392 1754.569427 1846.728254 1818.554240 1921.605446 1918.389943 1753.651781 1812.480634 1877.441447 1858.603482 1975.237801 1896.563963 1866.412902 1849.417542 1904.301427 1777.680252 2021.035107 1909.406984 1949.560366 1913.724226 1936.516599 1998.732894 1800.447307 1827.639020 1841.723502 1775.365191 1748.173335 1654.246938
1877.119550 1878.873453 1865.014173 1848.781780 1810.536144 1807.746976 1933.485884 1779.572273 1854.261137 1860.132644 1832.064786 1805.768812 1903.497532 1918.027528 1924.844908 1913.088016 1923.863206 1782.822453 1954.253716 1905.571017 1882.731539 1968.664143 2018.887505 1937.145182 1767.397403 1807.177086 1728.144657 1787.288372 1646.651303 1636.995614
1837.474167 1828.598631 1856.247423 1844.638563 1663.375120 1859.594501 1837.501529 1758.190034 1788.264029 1860.148859 1908.237771 1878.198584 1852.050524 1894.720221 2055.146399 1845.728132 1817.800436 1915.666577 1969.027506 1922.768173 1921.576976 1928.283427 1901.061326 2016.271055 1822.161563 1745.857044 1608.721194 1687.017479 1716.953111 1725.877245
1793.610806 1765.129838 1816.033783 1764.096938 1845.442188 1799.248418 1902.446542 1888.704734 1847.201581 1865.316770 1817.382387 1883.730199 2111.051473 1928.252575 1912.011989 1960.144377 1877.047953 1849.118844 1893.287694 1925.883750 1821.512984 1848.754122 2059.585033 2018.399011 1758.967862 1803.005285 1660.706203 1732.683209 1689.680514 1769.590419
1804.033508 1939.628684 1790.627027 1783.566465 1797.160251 1900.435112 1887.908562 1785.375247 1889.402409 1842.728306 1902.184670 1713.952542 1976.758194 1925.438828 2018.603388 1899.969298 1894.574543 1855.705848 2040.471409 1940.682946 1782.019645 1942.015421 2015.631250 1962.482757 1785.650996 1798.709120 1745.047678 1649.700421 1717.466004 1646.701495
1800.962293 1741.090461 1780.404357 1787.175020 1727.970038 1804.333803 1926.340230 1809.410763 1828.436382 1890.903718 1858.768753 1871.395229 1960.154980 1894.021654 1881.673752 1908.206421 1790.959222 1837.478029 1893.416133 1965.412915 1954.113404 2023.012749 1968.241903 1912.988282 1736.241383 1700.886966 1672.888293 1651.706301 1765.252237 1738.839867
1799.960415 1834.743984 1829.667636 1845.165182 1826.013402 1857.614421 1823.762649 1956.708158 1941.141524 1981.385438 1809.449466 1844.307374 1871.843332 1925.770150 2027.464465 2016.997051 1849.516235 1842.542186 1929.657183 1948.352395 1969.515958 1936.711145 1993.754730 1921.200637 1776.906367 1813.033085 1807.121005 1743.316403 1752.621685 1697.064793
1877.305790 1721.380536 1860.924052 1783.167398 1787.219364 1756.402562 1889.142285 1854.479386 1875.534877 1770.329261 1810.007855 1860.564995 1915.377436 1967.140844 1816.762315 1987.187534 1897.743965 1871.677889 1925.409591 1885.283701 1980.318810 1873.737852 1901.541730 1815.396714 1818.443065 1842.894895 1718.151580 1837.359181 1761.782907 1668.299749
1910.261274 1794.901543 1868.337656 1785.602657 1802.969245 1918.473084 1778.474475 1904.964392 1949.629464 1919.765972 1954.400245 1802.537583 1909.579295 1905.789978 1871.521366 1949.293386 1902.469517 1979.646835 2015.773314 1969.804760 1812.397701 2022.790309 2061.835339 1905.062856 1791.950890 1756.295184 1746.571624 1597.325977 1716.174481 1709.844894
1779.351597 1860.259140 1800.239680 1789.877989 1831.254679 1836.000020 1902.040826 1855.403663 1828.880483 1862.720039 1859.920245 1867.090440 1923.308712 1853.348310 1925.490746 1901.493231 1936.127225 1905.723439 1998.130723 1922.143641 1873.750570 2025.600247 2033.416316 1885.034953 1876.555404 1702.014387 1728.542277 1707.109752 1628.451124 1582.042420
1777.565777 1828.346945 1802.560939 1729.436055 1817.767018 1779.150474 1947.371420 1887.815511 1789.163932 1919.001726 1818.465689 1811.364561 1901.045578 1911.709297 1986.116257 1847.726700 1918.658572 1966.424939 1909.456896 1999.259316 1953.612321 1940.517612 2043.333325 1936.335262 1746.951460 1773.762346 1719.341401 1764.812943 1775.124222 1679.155405
1786.964401 1803.585621 1699.948204 1885.348444 1664.941098 1850.097310 1822.435039 1967.780054 1829.537443 1827.026504 1847.391472 1932.969683 1850.204918 1923.785172 1979.822411 1894.472865 1841.294714 1849.538372 1861.680963 1934.846785 1863.200689 1963.892418 1971.123780 1904.632051 1815.875333 1652.412017 1766.127388 1727.675239 1648.510464 1681.531082
1871.286603 1771.113040 1838.520645 1734.702853 1729.188252 1851.184249 1961.960735 1881.130304 1867.547075 1893.552607 1851.737729 1864.215832 1924.781705 1906.497980 1963.956326 1886.382143 1910.936585 1925.891488 1792.068741 1986.821166 1888.925741 1986.922076 1971.272317 2027.032076 1767.668789 1763.190076 1792.062247 1714.970272 1830.463549 1776.733505
1901.700688 1746.579478 1881.999792 1769.474234 1784.678876 1771.351890 1862.308517 1934.382156 1876.742324 1951.954514 1914.150221 1915.940435 1982.207636 1946.929141 1970.715186 1856.215317 1996.332152 1941.952096 1833.862582 1958.219476 1895.444381 1953.934030 1905.241832 1929.134032 1865.666899 1755.399752 1727.019105 1668.650628 1587.832725 1703.654215
1820.610617 1816.996988 1902.553484 1820.932773 1795.659657 1760.900111 1935.683083 1880.321401 1761.305371 1860.071881 1820.822751 1778.441102 1940.720534 1957.164623 1909.116284 1924.919055 1878.096101 1901.323871 1828.288047 1941.206008 1869.937365 1929.369338 1997.605304 2023.383026 1735.152346 1690.399556 1718.868424 1761.025818 1640.346118 1667.872683
1901.239496 1880.049729 1834.734372 1740.345937 1848.245300 1788.061897 1855.580980 1794.217797 1773.748034 1828.804163 1840.659644 1971.828115 1992.961307 1964.202268 1977.129732 1971.366370 1856.860926 1867.558127 1947.936385 1945.715916 1851.807514 1919.181501 2004.554948 2030.363264 1877.920103 1835.496820 1708.786132 1741.472115 1824.844523 1656.784586
1840.719723 1768.927674 1877.152562 1712.962098 1769.870755 1802.055112 1922.457898 1833.745941 1741.159961 1872.807485 1868.526859 1860.112654 2028.213856 1928.304507 2120.093937 1973.901742 1959.769413 1941.043134 1954.233529 1835.471172 1975.060542 1932.040667 1993.584674 1931.861013 1788.144298 1788.338715 1699.757534 1805.126983 1678.590523 1632.963481
1903.837245 1813.457074 1748.222762 1739.632497 1779.615187 1890.101942 1828.497583 1745.987216 1876.028892 1802.277024 1764.510261 1842.278165 1980.704247 1980.605381 1914.358674 1953.762528 1821.427259 1840.288538 1954.167693 1992.363490 1986.585355 1921.025497 1932.825452 1954.891356 1792.480914 1782.510795 1792.830325 1649.874171 1755.540587 1691.853772
1878.945641 1772.710000 1709.306850 1726.001576 1787.124601 1791.635590 1930.387322 1788.687472 1783.446816 1842.820486 1812.285713 1740.556202 1916.800495 1929.577576 1890.734719 1931.907571 1897.279258 1848.418808 1981.335792 2060.556101 1906.847403 2020.831963 1901.625565 1962.798853 1728.541364 1792.715376 1762.068785 1790.189331 1780.090941 1629.242607
1787.127272 1844.201270 1987.040667 1852.314248 1821.044098 1769.738273 1907.356071 1856.956765 1868.854315 1898.810534 1802.144334 1890.859546 1842.989035 1855.257450 1819.843221 1938.721807 1805.169359 1865.497079 1975.719676 1956.063819 1877.079998 1870.116437 1991.496092 1932.713133 1749.717071 1788.370238 1770.600909 1692.588122 1770.367516 1624.366765
1866.736084 1806.119140 1705.825467 1806.341499 1727.650635 1795.709827 1814.757357 1895.538352 1876.829329 1767.554282 1921.166778 1916.959656 1974.542122 1865.922313 2076.930828 1844.835256 1812.058112 1839.119353 1976.904676 2011.461248 1876.303558 1959.395606 1941.415537 1989.718289 1762.082392 1842.194422 1816.544372 1660.710218 1723.477530 1745.174273
1869.736741 1790.199442 1835.878528 1828.449446 1753.203172 1796.740253 1932.621744 1890.409497 1788.318199 1918.974463 1888.362619 1839.662564 1953.855082 1990.415139 1914.969662 1864.976103 1895.755690 1922.352270 1869.966401 2004.280818 2073.666049 1843.859443 2120.092418 1965.250377 1735.714194 1762.688470 1607.023594 1660.071058 1709.920455 1665.068523
1875.231142 1742.538181 1768.023728 1791.833175 1846.562690 1775.138549 1978.964232 1960.064043 1874.615908 1902.791685 1819.621763 1756.470344 1899.313260 2043.193742 2072.612477 1878.267972 1824.845963 1867.299305 1874.951901 1932.188035 1979.932592 1927.258849 1951.520587 2028.374701 1808.848386 1700.346238 1757.242759 1741.188212 1617.825044 1701.744260
1775.200683 1859.934229 1773.295596 1879.098437 1703.942152 1844.019077 1837.526854 1890.459024 1905.677291 1852.487536 1929.975408 1848.918013 1833.260875 1848.912029 1938.653004 1925.248677 1940.604776 1795.043265 1891.500426 1963.191868 1905.845424 2019.373425 2017.196762 1895.539739 1786.559955 1711.709416 1836.420197 1754.868473 1673.434547 1684.570540
1759.949647 1871.035389 1820.574761 1766.570664 1741.040496 1936.510062 1853.417148 1841.929875 1830.503371 1789.303544 1961.194507 1806.553668 2007.554406 1896.159940 1891.430207 1967.419344 1805.956991 1947.163781 1933.201030 1931.006120 2086.188089 2023.679187 2010.012367 1893.127631 1877.405375 1819.110753 1795.232873 1652.096581 1777.134189 1658.967383
1695.034181 1750.503418 1830.687027 1851.939825 1838.287422 1800.344514 1854.809373 1837.360490 1752.674210 1841.884650 1886.650930 1888.836839 2057.843510 1924.895595 2012.401541 1981.311699 1823.659220 1875.210761 1982.169073 2017.003381 1915.380284 1927.029138 1945.978335 1994.878572 1855.540686 1771.736429 1737.549359 1684.813542 1787.055753 1702.681504
1929.233162 1767.524912 1732.736396 1785.946430 1730.565785 1907.296860 1869.924096 1811.476131 1864.544509 1948.320784 2002.288213 1732.893258 1962.414664 1836.872933 1993.791632 1957.709001 1920.385201 1839.646639 1951.858726 1931.742189 1940.405625 1967.647679 1996.196279 1989.047740 1866.147554 1815.549864 1795.858953 1698.137792 1839.405682 1673.918559
1818.466262 1819.057532 1752.817212 1740.346960 1777.235457 1805.826787 1941.948509 1950.376054 1881.423954 1853.493742 1845.766316 1902.053864 1967.179889 1895.614256 1843.632100 1894.964576 1985.299799 1930.238664 1989.227881 1947.892100 1983.263194 2030.975741 2071.712935 2004.137804 1764.796014 1710.652922 1847.667592 1699.626578 1766.666091 1709.682854
1796.674888 1668.236725 1811.563536 1828.514748 1795.829413 1843.843239 1944.184850 1927.065558 1754.044557 1877.982193 1816.786758 1823.177995 1939.722252 1889.582290 2038.754858 1969.363667 1808.517868 1964.252250 1986.136708 1969.383811 2053.950049 1990.748555 1944.392748 1965.095294 1832.999754 1728.639529 1799.117036 1743.210907 1741.363036 1632.146370
1827.922327 1803.959305 1821.159006 1844.806402 1737.736163 1831.372213 1957.803673 1887.419971 1853.569230 1869.808422 1872.875113 1800.381071 1940.115188 1929.396915 1922.042126 1835.274245 1917.348560 1900.795088 1857.193250 1935.327995 1964.201912 1882.609964 1983.337452 1982.595482 1760.046743 1762.365996 1749.526624 1741.056390 1754.783599 1700.588273
1841.129679 1917.568410 1835.827748 1716.308733 1744.172443 1821.140373 1858.042338 1905.453136 1945.298088 1950.087688 1811.432607 1800.076911 1844.356364 1889.774433 1988.844469 1950.293974 1868.592239 1929.804768 1963.689392 2025.597266 1961.012867 1976.601315 1896.315211 1986.823388 1876.549609 1924.497199 1764.281228 1644.222527 1816.238684 1684.036925
1896.015231 1930.046014 1718.002254 1755.612703 1710.459976 1847.228083 1968.871778 1913.092548 1921.469775 1785.845927 1889.742980 1833.773360 1950.216301 1920.322500 2011.435783 1859.064827 1865.599087 1802.598258 1830.718902 1856.103740 1922.029628 1962.645423 1842.143313 2016.159412 1802.695387 1757.222520 1825.393334 1760.450993 1654.537790 1695.161179
1753.031884 1869.329045 1722.292639 1810.667002 1759.486024 1725.496136 1939.499619 1919.074516 1884.168385 1920.358732 1876.371804 1824.095473 2060.214940 1911.108395 1939.451664 1886.659432 1730.106361 1977.576615 2059.368433 1880.492301 1892.464590 2017.097865 2042.291502 1970.213003 1769.326424 1814.017768 1810.423766 1739.064136 1670.534118 1695.454371
1795.381379 1780.798043 1820.632136 1769.763965 1767.612294 1810.780988 1944.074187 1855.608315 1890.420310 1944.129895 1779.942988 1876.586662 2006.527824 1992.528670 1910.001576 1923.149898 1924.855773 1871.019261 1928.055896 1932.813029 1877.249956 2024.854668 2022.547237 1980.702161 1756.115201 1781.608735 1826.701475 1685.107556 1814.255992 1644.188586
1819.871214 1767.405025 1716.894399 1763.294942 1802.987864 1917.091541 1870.487945 1878.325982 1808.875730 1848.065540 1919.473107 1803.572658 1998.349581 1923.863403 1888.411775 1888.606998 1893.709257 1939.389582 1966.500629 2021.937913 1895.253872 1861.588098 1975.377833 2031.340991 1868.409163 1806.130311 1786.641205 1758.728053 1667.553563 1693.301408
1849.140025 1833.890078 1783.031963 1729.425262 1754.882538 1819.389593 1995.378282 1922.326261 1880.858727 1792.245629 1981.106279 1850.745043 1906.774286 1940.952840 1963.669496 1922.289404 2049.591725 1863.888838 1953.021393 1933.605684 1957.656217 1948.173041 1914.666750 1967.296094 1783.391083 1807.651124 1753.839594 1803.302839 1755.435811 1787.450438
1935.606391 1755.875683 1870.417587 1779.335457 1775.297854 1815.708496 1859.878443 1869.989524 1799.646822 1926.591684 1961.935454 1844.414846 1898.765787 1860.201667 1921.525362 1872.358792 1962.398050 1900.018418 2028.278334 2018.325561 1910.597313 2040.950352 2008.147363 2037.918326 1759.367729 1806.855956 1705.613626 1630.810367 1726.994592 1547.125267
1850.750093 1815.302560 1819.845004 1813.698540 1748.996633 1801.167989 1905.459543 1921.824055 1880.480837 1853.211893 1851.697078 1888.637851 1962.029723 1937.650834 1911.073426 1937.110155 1843.896038 1923.969216 1963.097046 1964.587865 1881.969976 2000.899305 2041.316037 1986.405659 1838.607577 1774.107689 1751.463111 1709.809826 1701.707141 1701.263685
1824.274933 1815.283377 1757.947454 1725.213543 1739.965632 1775.538918 1827.737298 1869.717801 1836.551124 1790.636189 1801.082166 1786.502068 1885.090884 1944.138107 2015.512010 1847.471730 1838.474857 1846.630462 1852.342156 2024.926223 1769.839828 1876.599818 1975.000624 2036.306894 1761.993670 1696.906641 1752.838930 1635.053483 1806.580396 1661.286699
1869.189786 1965.466364 1841.292398 1772.685702 1722.044697 1876.675424 1985.054838 1872.788833 1868.364635 1965.555332 1840.227222 1852.808136 1924.822894 1955.648610 2053.344923 2028.174078 1983.984002 1757.289518 2040.453980 1987.957383 1995.609163 1849.273140 2078.883291 1962.374205 1760.044285 1797.763719 1788.112598 1725.686305 1795.519857 1680.440997
1732.975590 1796.246527 1862.684046 1786.007998 1825.209427 1887.679497 1920.645428 1888.412729 1864.362184 1870.586193 1852.959632 1864.253763 1986.863731 1941.846799 1911.708028 1921.331719 1964.892012 1966.139730 1958.089078 2000.763701 1917.194629 1991.118717 2014.244259 1939.412706 1830.926147 1725.909285 1760.998282 1817.645251 1723.075493 1794.789371
1765.368398 1872.694112 1684.036562 1724.633364 1754.715587 1973.087147 1935.947536 1827.640848 1756.148308 1839.944181 1881.961537 1770.087864 1874.564431 1950.106824 1899.578678 1922.564522 1925.363803 1756.881382 1990.221959 2009.483981 1915.896659 1852.902294 2061.902287 1989.343557 1814.909404 1812.012050 1709.693713 1731.978673 1663.278144 1691.462024
1821.589818 1863.557991 1781.391576 1737.437985 1779.707775 1999.226274 1882.468695 1831.242549 1812.889609 1825.007917 1840.668384 1823.248657 1976.245086 1969.112441 1947.079008 1831.740235 1954.978677 1782.254454 1947.982232 1960.549261 1873.568810 1891.381139 1920.225599 1950.603898 1834.585774 1813.100562 1736.748971 1711.499542 1718.514265 1706.605453
1830.428218 1844.005580 1802.112719 1834.294294 1784.419446 1779.561325 1883.617016 1846.629140 1815.848159 1771.836035 1834.270528 1818.126287 1988.967259 1914.068925 2070.019101 1963.861219 1863.547478 1834.528875 1934.241195 1907.580302 1982.329675 2016.865158 2037.409197 1951.167542 1792.588426 1820.818460 1697.124256 1742.348653 1809.286201 1691.670789
1786.468417 1832.841566 1816.075353 1806.154552 1834.982648 1847.122060 1876.286094 1858.535145 1864.203422 1973.603818 1942.941099 1938.362498 2042.258306 1965.974443 1871.925724 1978.907997 1933.886660 1896.305239 1911.158874 1977.955222 2022.177663 1907.871750 2089.658499 1898.782486 1780.624495 1713.212913 1770.732840 1719.212238 1772.355398 1720.350972
1751.860223 1812.829477 1922.925490 1750.441954 1739.710515 1758.831194 2011.021374 1815.416681 1880.761223 1897.023017 1845.693860 1868.236228 1835.999386 1903.446777 1957.496459 1918.461653 1922.776502 1916.542605 1844.206682 1872.518928 1988.578066 2011.112137 1818.433996 1964.423762 1819.253249 1777.960186 1852.231421 1677.065656 1674.110249 1662.982237
1972.473425 1774.271650 1790.055299 1798.135960 1698.170715 1778.830169 1833.510863 1856.423465 1769.414959 1901.803441 1809.288426 1906.836298 1877.285687 1899.245915 1860.653422 2058.250209 1857.309740 1876.301725 1896.368728 1911.703308 1942.491158 2002.961708 1943.799004 2047.542031 1800.203027 1795.324559 1760.925785 1646.594472 1767.612741 1714.280215
1834.229300 1804.295231 1696.392110 1681.615013 1807.448240 1858.281548 1922.327923 1873.651397 1811.397825 1845.874270 1865.316675 1913.123003 1954.761098 1968.406073 1894.687766 1953.430658 1893.741825 1982.028157 1904.763050 1950.095643 1982.048352 1892.639824 2025.673030 1926.853617 1751.219531 1748.301930 1710.400389 1647.811240 1839.077081 1740.682867
1880.355675 1739.079648 1757.199213 1853.521687 1790.556857 1856.581671 1847.083128 1836.825540 1825.465584 1934.878598 1816.029193 1765.379701 1773.329922 1997.175397 1872.787347 1845.164847 1781.791837 1845.981592 1848.164909 1971.129977 1899.446445 1900.254981 2003.726050 1997.077382 1898.248200 1729.244713 1825.394253 1713.809569 1797.259104 1665.496100
1801.862034 1768.503287 1858.807951 1892.061950 1705.067017 1821.458530 1981.780412 1833.554334 1825.216450 1962.692318 1868.756952 1890.309186 2021.820013 1881.480113 1876.018334 1880.778134 1911.049182 1879.803592 1946.240344 1939.739537 1898.211986 1898.999326 2002.078440 1915.290289 1800.383340 1779.621419 1804.163639 1598.304631 1668.142358 1752.312710
1794.158521 1812.987148 1804.767921 1767.437352 1671.555673 1929.914427 2104.360969 1761.906935 1808.011872 1920.204968 1862.262100 1919.805130 2051.214218 1847.331477 1836.243913 1842.989419 1832.824553 1873.792578 1949.017182 1924.056758 1850.741996 2029.838399 2026.189803 1919.326437 1725.121206 1813.759346 1814.654797 1619.928090 1761.176662 1620.171744
1860.569845 1772.455047 1841.933238 1811.117700 1849.256186 1908.211765 1910.916773 1803.280957 1915.526579 1821.660585 1812.625351 1845.152054 1816.632957 1916.782054 2052.156878 1943.624800 1802.937125 1868.283264 1971.094176 1959.263564 1801.033005 1986.261172 2004.552924 1914.852158 1720.507739 1643.044807 1782.628728 1706.269670 1664.141663 1760.305077
1922.451059 1804.201630 1843.466816 1795.942650 1757.957192 1874.754851 1821.208759 1848.270724 1888.782797 1870.903814 1812.001448 1840.008776 1925.107150 1951.995061 1927.403514 1838.957192 1836.737142 1895.924111 1958.145712 1867.548536 1851.429250 2088.225788 1965.755605 1832.876813 1737.494799 1877.369752 1771.691048 1707.024031 1778.904987 1713.322156
1877.746559 1769.904544 1842.548840 1802.320615 1789.080462 1797.105517 1921.806081 1850.757813 1813.573681 1835.023340 1863.272685 1908.580957 1857.041319 1891.471710 2020.214278 1962.180891 1958.490359 1904.397299 1946.142160 1881.996359 1923.609052 2037.420768 1880.558403 1979.449028 1774.849046 1716.270912 1634.837335 1671.205725 1826.808960 1710.630644
1792.374168 1776.939159 1845.334138 1745.061961 1852.928452 1795.393709 1942.900254 1914.563083 1842.734082 1893.725985 1903.348898 1852.417547 1959.382617 1895.088608 1920.519448 1813.931083 1857.544597 1878.992792 1880.428850 1986.647707 1980.023349 1857.179324 1938.431737 2061.772673 1738.778972 1682.747173 1775.728709 1769.858340 1834.411512 1720.995199
1815.522651 1784.433206 1791.096067 1703.284802 1771.985958 1832.001635 1874.638284 1884.634211 1781.451308 1835.784951 1922.346589 1900.043022 1936.894447 1912.825786 1974.711436 1907.234134 1789.012766 1852.048625 1737.661340 1981.727254 1915.552984 1964.685103 1989.132280 1969.312161 1752.985935 1746.632170 1801.176157 1732.440758 1757.016680 1851.001043
1917.137910 1827.143247 1775.710016 1717.498624 1737.080468 1772.450988 1813.357006 1911.595750 1820.654023 1881.069362 1778.699939 1839.099064 2003.498542 2011.901204 1917.300848 1865.085501 1888.592217 1923.757794 1965.096593 1882.412789 1844.840493 1908.338298 1980.698710 1912.280097 1763.090473 1732.616525 1771.335210 1685.443937 1755.105931 1715.515968
1849.980069 1806.336078 1873.258764 1744.219042 1679.037345 1907.089758 1848.566780 1828.063888 1859.616555 1797.157010 1928.259263 1842.789064 1963.945094 1966.170526 2005.694528 1911.447335 1858.274307 1820.039928 1960.760617 1944.178575 1963.851483 1932.765316 1993.699082 1954.252265 1785.659028 1729.878227 1784.798288 1748.926945 1745.748772 1713.817858
1871.080251 1880.300671 1788.741257 1827.439316 1730.166849 1937.584039 1926.172666 1868.908418 1850.404442 1787.401809 1801.695934 1896.520749 1913.398467 2022.532429 1965.980903 1953.019931 1894.150776 1880.801997 1971.396829 1868.696973 1848.705385 1971.972946 1907.463396 1965.269453 1888.006734 1778.883777 1750.100493 1752.171530 1794.132803 1634.514970
1842.640888 1718.577544 1852.678046 1754.684235 1780.818346 1777.868698 1873.461018 1897.283259 1932.627538 1817.653028 1906.502243 1862.106064 1997.827633 1903.743129 1813.584665 2005.925120 1817.743702 1828.051629 1986.314129 1997.404950 1935.617223 1842.664247 1954.777808 2058.763720 1713.317076 1783.826846 1761.072183 1710.497175 1820.268033 1634.124329
1845.238559 1769.001029 1905.707694 1790.201746 1818.773113 1785.106694 1869.738594 1804.198044 1892.954421 1744.153276 1869.063205 1889.579932 1985.347712 2005.203730 1947.028875 1877.111340 1786.338887 1830.772818 1908.632482 1882.511264 1947.180374 1939.757089 1947.238810 1905.310059 1827.705698 1890.958786 1822.728956 1734.222356 1756.532783 1600.569382
1827.006471 1799.934070 1751.112033 1702.649545 1799.309604 1837.815373 1960.079597 1827.474026 1785.059878 1910.781025 1883.628047 1841.903610 1926.490906 1892.962640 1886.198899 1909.304190 1739.347200 1846.108860 1900.276727 2026.622865 2052.262518 2059.506707 2007.977162 2061.365483 1878.988267 1796.959138 1822.430707 1666.372902 1709.973225 1638.739541
1882.974888 1869.438899 1810.896862 1852.778213 1774.482477 1853.677156 1924.521319 1963.715548 1815.696349 1844.721378 1846.067008 1819.255297 1925.356308 1890.620284 2017.325315 1867.202353 1950.125427 1847.003413 1906.558931 1897.914656 2069.164902 1989.636367 2001.535772 2000.542467 1863.059667 1765.828713 1729.484456 1673.844245 1717.136695 1620.477849
1752.625248 1921.831374 1799.634200 1887.330961 1738.955130 1765.261390 1976.399735 1821.378566 1756.939945 1878.613861 1756.346979 1750.379437 2042.544204 1942.994348 2001.144633 1887.489053 1879.762569 1784.335602 1909.608741 1955.360115 1882.109002 2026.069996 2070.500994 2027.052822 1824.817981 1728.807888 1790.717778 1827.630561 1682.048539 1589.380704
1809.470173 1819.617038 1743.932769 1740.950183 1815.036059 1927.533263 1928.383152 1769.354169 1884.227858 1824.226177 1952.235784 1831.607170 1943.728801 1965.835700 1964.195082 1880.252283 1925.043217 1826.091911 1966.076649 1978.584441 2017.005516 1945.724181 1972.450414 2015.943918 1687.177284 1756.736842 1739.458512 1775.717937 1753.657355 1726.308978
1799.529671 1708.502314 1907.105191 1851.743395 1790.807279 1887.570117 1968.214809 1842.479737 1826.647896 2001.603510 1877.923294 1892.284427 1856.306308 1948.198764 1866.070987 1935.892774 1963.198709 1981.128936 2003.733717 1959.407607 1960.723924 1926.334101 2014.399428 1895.034592 1654.707990 1702.435530 1699.762210 1703.950715 1740.662443 1591.805326
1798.016460 1784.811390 1821.875936 1838.396588 1777.712150 1800.711677 1838.071708 1943.306017 1768.834724 1920.419097 1924.930154 1872.079736 2001.918434 1975.496384 1961.184970 1931.496798 1947.792229 1820.534088 1886.686140 1962.530623 1905.126403 2022.205541 1925.941114 2026.793810 1676.746446 1793.301331 1788.256303 1766.517091 1667.137962 1791.816472
1807.040941 1843.112956 1825.869503 1814.823650 1795.090894 1787.321131 1939.166852 1918.338741 1808.617708 1871.883769 1921.597107 1736.322441 1987.330724 1971.344784 1825.378095 1925.573120 1836.546079 1840.102957 1913.088610 1868.555011 1918.502877 2004.588962 1956.131242 2041.820012 1878.005200 1806.978505 1776.905619 1690.576159 1678.203008 1759.260804
1735.106661 1769.696057 1740.028636 1797.130113 1809.250567 1799.470409 1822.789771 1883.765989 1889.891467 1816.832342 1951.715627 1802.958356 1946.491242 1986.519582 1953.714959 1891.734527 1905.054943 1888.168200 1935.462992 1888.870227 2000.566585 1988.027184 1887.592980 1880.558071 1836.477897 1803.901013 1766.650533 1705.831975 1688.755813 1697.173698
1872.818262 1876.437670 1849.087429 1804.849150 1709.750296 1782.513030 1824.353651 1825.247396 1824.875307 1794.813121 1848.247708 1786.745940 1926.082304 1955.156659 1991.437049 1838.390117 1972.162882 1805.709548 1902.632603 1948.791628 2026.393194 2004.841602 1947.204296 1990.775617 1740.810279 1751.596147 1726.220535 1711.520427 1709.833279 1746.234521
1798.934615 1840.607947 1815.110501 1762.630924 1839.714540 1828.525462 1962.549828 1836.942672 1816.235308 1865.691043 1839.254478 1861.952007 1866.357170 1874.486299 1958.987515 1922.894008 1925.766317 1927.264556 1896.452366 2092.905479 1911.351073 1892.545943 2006.898152 1880.868135 1760.411028 1795.174320 1767.492610 1661.888201 1822.344073 1630.104364
1777.416001 1887.331105 1842.740012 1868.793818 1813.706243 1860.258301 1878.459348 1795.748935 1832.539024 1775.802540 1820.222865 1730.133060 1962.875269 2024.553187 2024.579756 1877.855352 1847.807810 1877.462314 1935.080119 1994.679439 1901.322502 1954.569169 1901.833169 2022.285891 1839.553337 1779.889731 1773.513731 1651.277364 1857.883209 1654.310377
1832.580778 1845.548043 1831.516226 1731.364645 1788.005144 1854.488596 1895.102081 1853.890951 1918.714359 1808.653842 1829.048555 1895.101458 1989.005544 1916.740249 1983.241132 1909.767359 1836.924995 1911.674985 1914.081200 1856.611402 1920.017402 1907.364267 2043.482871 1871.865917 1907.192774 1786.812910 1738.501493 1699.152556 1796.518313 1745.630916
1850.126910 1807.049716 1783.990677 1808.775714 1785.751112 1897.410900 2008.110043 2010.150473 2008.388056 1784.952448 1877.691105 1879.398502 2035.233418 1891.609228 2017.918355 1766.334936 1880.507046 1892.598725 1875.689239 1973.054113 1864.751032 1953.963281 1939.201743 2040.576591 1879.282504 1827.441834 1740.187593 1829.596240 1726.383903 1641.239286
1903.685228 1834.894542 1867.393155 1711.640007 1739.778219 1771.504558 1884.455803 1899.994336 1815.218240 1895.005273 1761.661943 1832.656384 1915.749144 1905.778958 1969.858188 1922.134633 1937.921752 1863.394669 2032.120225 1955.686523 1871.534654 1936.603832 1819.359100 1986.602586 1849.538094 1764.722637 1787.178936 1778.744809 1699.119335 1696.181261
1821.956670 1751.288824 1764.063111 1772.359723 1757.820219 1905.604139 1872.097089 1983.005278 1790.714726 1765.741629 1852.771953 1890.753189 1979.985990 2030.213548 1806.434211 1825.652659 1949.410356 1860.595750 1992.754038 1946.092694 1887.837555 1992.864809 1911.757410 1898.122144 1835.956378 1743.895946 1757.167162 1628.072967 1771.570140 2026.907559
1772.291311 1844.749861 1817.445603 1813.689221 1827.261194 1847.875574 1898.531557 1843.668805 1897.029996 1818.755317 1873.555252 1782.024587 1896.309509 1963.115896 1870.075871 1902.546895 1788.064309 1830.839691 1872.188550 1908.340475 1890.789354 2000.199997 2006.384004 1962.057154 1852.552199 1805.250086 1777.031200 1744.779141 1793.377183 1705.932004
1893.270831 1829.004012 1798.334892 1646.084007 1777.316717 1735.299074 1919.410883 1835.284846 1920.021566 1840.567850 1895.199434 1846.147499 2008.291269 1887.982353 1920.994104 1983.429430 1826.589204 1939.989051 1908.237248 1964.245559 1950.321472 1907.103455 1955.656551 2021.272164 1805.250581 1759.561576 1728.247038 1811.393015 1794.511559 1732.198799
1844.639460 1733.702512 1778.075448 1690.193119 1793.549673 1860.656189 1951.243923 1909.721656 1810.685478 1828.056518 1933.014052 1779.003379 2010.064122 1810.665780 1924.867593 1886.630326 1881.076462 1920.048225 1897.357890 1936.318361 1881.845215 2000.883725 2007.354061 2062.489947 1729.773223 1772.708400 1786.453785 1749.192893 1656.413625 1717.378912
1902.025396 1838.585187 1769.324756 1788.276013 1748.565833 1791.510367 1869.688158 1899.853632 1792.059588 1792.393950 1809.488762 1858.473796 1907.146922 1859.923292 1923.958726 1864.362338 1846.088415 1921.819372 2001.758127 1958.291353 1860.693210 1880.291290 1985.401961 1939.530489 1787.223002 1773.328928 1776.378419 1650.643687 1776.353462 1700.960543
1917.276145 1764.496233 1760.181441 1884.047139 1718.023579 1837.969555 1868.195766 1727.044678 1815.467955 1803.931950 1921.569172 1849.071082 2039.864513 1920.807844 1932.171640 1860.097933 1904.059835 1881.002797 2016.478339 1940.746441 1949.458525 2059.058989 2036.002442 1914.818307 1735.199125 1849.917046 1784.845501 1705.851204 1806.851285 1678.988852
1860.486594 1778.937616 1804.472587 1856.435154 1831.191564 1876.401968 1838.218754 1875.625308 1830.053931 1828.634458 1837.894914 1857.449403 1871.891871 1960.975801 2022.021406 1927.940717 1965.819330 1885.461289 1880.793164 1981.692734 1901.297492 2082.203842 2001.140967 2008.577569 1888.962143 1778.396365 1782.313094 1779.156987 1765.919595 1595.910846
1843.777474 1791.365556 1907.658117 1836.752812 1799.418718 1851.232120 2000.401913 1850.039263 1803.860790 1826.393349 1763.619665 1899.371240 1844.348354 1986.188559 1968.807495 1952.312742 1869.166020 1807.572304 1971.655016 1788.288037 1941.772945 1935.526518 2007.817557 1998.818186 1820.754335 1727.982160 1800.988044 1700.321762 1667.248577 1618.209609
1797.107801 1742.467573 1831.011622 1816.865833 1752.977766 1891.936365 1801.616266 1899.259438 1859.512389 1878.862211 1822.082780 1867.380796 2034.004068 1958.367693 1976.016528 1858.262840 1904.739746 1858.613211 2021.278241 2005.699958 1915.307597 2050.176422 1945.526446 1920.183379 1832.233068 1778.283010 1823.642088 1689.005188 1694.665407 1709.996308
1777.546630 1818.379282 1921.078868 1853.112455 1868.637122 1712.947184 1848.940325 1868.746854 1855.450148 1882.406045 1854.516580 1755.374329 1919.316187 1963.127065 1977.953419 1940.550399 1810.695451 1916.282744 2009.926998 2055.509758 2016.650152 1946.651806 1919.827470 1993.312892 1893.778880 1780.005094 1755.686375 1795.876748 1728.398244 1657.409420
1785.790031 1736.991657 1845.772668 1839.586151 1631.265574 1911.811228 1907.440888 1889.519781 1863.401143 1935.427155 1827.182264 1836.946838 1924.360511 1970.249101 1921.667949 1973.206098 1913.277170 1956.652663 1894.056723 1947.408262 1911.395800 1960.079508 2003.290852 1868.513082 1899.265584 1805.377445 1789.869326 1748.251848 1685.751078 1628.810411
1807.987958 1782.595057 1757.329581 1818.221230 1684.892231 1871.834531 1822.621459 1820.211580 1985.250876 2005.783752 1850.491271 1755.039365 1947.342577 1911.093916 1920.321042 1911.781505 1844.955802 1864.310029 2047.375222 2025.912722 1956.468935 1984.143293 1974.175364 1986.250691 1807.286533 1710.752770 1847.352072 1718.917501 1767.358661 1729.293888
1743.432032 1914.111559 1797.129925 1730.912201 1778.674982 1753.755781 1864.744069 1881.489257 1822.198142 1973.049579 1868.522195 1851.136005 2007.642287 1864.719649 1940.195467 1820.505146 1856.076772 1902.358803 1865.294911 1825.113906 2007.337051 1989.437370 2016.405909 1916.008691 1703.794066 1800.821552 1776.026228 1703.575644 1731.690710 1726.498860
1804.104129 1749.380510 1905.254856 1825.512524 1723.514094 1851.743696 1877.500035 1888.358452 1873.746843 1912.883540 1845.566533 1843.033069 1937.074981 1843.227501 1970.227921 1952.340604 1787.256991 1936.908482 1756.256835 1973.683684 1950.151781 2011.509546 1927.085243 1947.101878 1774.293831 1777.902072 1812.795221 1732.266388 1714.805361 1668.771096
1802.784516 1737.513466 1639.890572 1847.860115 1816.166893 1839.430654 1998.503221 1981.192251 1811.238014 1857.585549 1805.377671 1761.218440 2019.408418 1920.746038 2030.577088 1879.289338 1885.621231 1905.911087 1924.743495 2059.132969 1902.014136 1930.306894 2016.399419 2056.329981 1838.714765 1742.050912 1760.093836 1748.041861 1669.070465 1583.741719
1791.328046 1879.487284 1799.329389 1741.774511 1797.206763 1884.994815 2053.188068 1785.581953 1838.237914 1811.829091 1779.552734 1875.426151 1930.251162 2029.526791 2007.077471 1918.569198 1951.921297 1873.497250 1851.758705 1950.887265 1884.466778 2007.418735 2102.928620 1961.208938 1686.791798 1762.026411 1775.752564 1727.609895 1719.594940 1678.179649
1818.706279 1797.004447 1781.184622 1828.153035 1765.052264 1799.702690 1867.780457 1868.279046 1822.313912 1933.919484 1864.667657 1856.186010 2011.994672 1744.026839 1969.076623 2121.207123 1853.447244 1892.412952 2001.133739 2031.175424 1940.494064 1949.761170 2009.667857 2014.888442 1717.489025 1832.368928 1715.503949 1712.443167 1751.008434 1688.858666
1907.415523 1804.990904 1824.360329 1810.935778 1546.334033 1836.848145 1952.708051 1818.986697 1869.264486 1923.936674 1820.814718 1893.312358 1901.805748 1910.912778 2007.635399 1995.709827 1856.195309 1915.492535 1889.729906 1955.670497 1826.897681 1909.939021 1876.600609 1989.294539 1792.529198 1719.505460 1764.308823 1691.370821 1703.518452 1678.577158
1738.414905 1819.401321 1807.956926 1800.707912 1796.304900 1785.609415 1896.138787 1835.627935 1856.121711 1861.989463 1952.935698 1750.940243 1942.255884 1944.392508 1896.712615 1796.016992 1998.030773 1856.550915 1869.589510 1942.564529 1848.281994 2012.524317 1876.223513 1876.938111 1902.508481 1769.660340 1760.280735 1654.367433 1692.552385 1629.733620
1837.622754 1801.247551 1807.379375 1776.783940 1818.506323 1774.754354 1973.466672 1948.600370 1787.431573 1864.231033 1908.422439 1869.235327 1897.444833 1980.599211 2037.098805 1958.224156 1809.402271 1857.157575 1920.158181 1895.559079 1874.008632 1799.376199 2009.460133 1951.234395 1809.553511 1673.539735 1840.708090 1740.805400 1681.998110 1637.121962
1834.578577 1864.739446 1742.328853 1774.306144 1718.444794 1895.506878 1885.849764 1898.366076 1738.017999 1919.022475 1808.133317 1769.171337 1946.343162 1892.826423 1955.686201 1927.590044 1885.706644 1891.336915 1881.990497 1957.174460 1972.388348 1976.290861 1964.408176 2002.412873 1815.475014 1722.214911 1790.730515 1719.975297 1729.562050 1681.067577
1831.603470 1757.970540 1859.888387 1798.817038 1785.369497 1757.440180 1926.543245 1884.199009 1921.569396 1820.455071 1779.937718 1889.936715 2026.360766 2034.915148 1949.718825 1921.595515 1795.307152 1822.090056 1912.220036 1943.169435 1870.702073 1926.118723 2029.047560 2038.044366 1878.356694 1909.268127 1678.031185 1737.974335 1731.728079 1655.504334
1948.227932 1793.762925 1802.469308 1869.183472 1747.287819 1858.666270 1844.494276 1807.498065 1845.402411 1905.198875 1935.419108 1934.855124 1987.171884 1949.408398 1937.464096 1971.221503 1827.978740 1876.093201 1901.502460 1946.030717 2055.959475 1985.783497 1953.376361 2075.391501 1746.761176 1817.534520 1742.435631 1725.217076 1746.453261 1788.940756
1810.903545 1926.657811 1832.525985 1768.848576 1733.415432 1882.619393 1853.994026 1673.099589 1871.640021 1970.696459 1786.118425 1865.474729 1976.781683 1941.728640 1920.552037 1931.456979 1877.188981 2012.714657 2004.655660 1920.872940 2002.860686 1990.998527 1995.132752 1991.347599 1753.621716 1730.753648 1782.382444 1622.043967 1671.377614 1720.251494
1817.088481 1799.199962 1846.433841 1716.367260 1731.790307 1820.115455 1918.185731 1798.333560 1839.800420 1874.187374 1872.359090 1822.224106 2064.536010 1895.501014 2037.446392 1905.920873 1901.955749 1936.434495 1942.446335 1936.768394 1927.968539 1870.375162 1950.372586 2095.606252 1878.652344 1869.721611 1726.178198 1725.540904 1811.413950 1671.933507
1788.254471 1851.076729 1803.474064 1753.728367 1744.779695 1944.692990 1869.374043 1766.969248 1894.722340 1839.252503 1805.392663 1845.428761 1926.549756 2014.235815 1976.818590 1900.742852 1883.052178 1952.305787 1823.554915 2002.724794 1958.321272 1897.229366 1933.266866 1875.199988 1730.786974 1867.996142 1817.424086 1724.844882 1823.485686 1750.523991
1935.212604 1907.600122 1818.829010 1747.964400 1796.042748 1812.646311 1964.531552 1891.779791 1783.463651 1897.759266 1918.663314 1835.773251 2034.792020 1784.746197 2012.889705 1963.972734 1892.796043 1885.975389 1880.236099 1927.674380 1824.622741 1912.258080 1961.914466 2018.162811 1818.680796 1723.456357 1793.809814 1645.134629 1674.956300 1659.019913
1931.034991 1782.918152 1827.093782 1755.185941 1694.856963 1866.581060 1907.636608 1906.603490 1809.563456 1951.044484 1832.320965 1812.446424 1828.465041 1909.291918 1942.536235 1857.942016 1805.851493 1823.632854 2050.738103 1969.458209 1959.601215 1964.797063 2042.412391 1998.106642 1763.432369 1725.575983 1755.751627 1686.408413 1705.287470 1618.840117
1818.457593 1807.165984 1769.807568 1874.036752 1817.871076 1835.143985 1799.802413 1875.021500 1907.185840 1926.889078 1853.826131 1775.114243 1894.167368 1840.279413 2014.449974 1843.241156 1857.518568 1866.142000 1887.278328 1980.519377 1962.417016 1894.890816 1895.107010 2078.658506 1750.114089 1835.914646 1840.426758 1653.721469 1747.116197 1744.896011
1974.768761 1848.153787 1756.287449 1753.602727 1699.544358 1754.173880 1829.692675 1878.535948 1753.875240 1835.476098 1924.564452 1901.406672 1954.916294 1848.011208 1969.315873 1877.243956 1822.388341 1935.600664 1958.345033 1953.063377 1826.758808 2023.778468 1934.544692 1918.413707 1858.724832 1757.625532 1752.722997 1662.117332 1821.013111 1753.721202
1883.910283 1927.462570 1837.247444 1735.944503 1782.557920 1866.231185 1872.303719 1828.562425 1838.882050 1880.464151 1876.607515 1821.968710 1970.678049 2017.558094 1939.085821 1979.190177 1820.937157 1927.372079 1862.569505 1933.466151 1798.536491 1964.977911 2001.835337 1978.263910 1787.791359 1726.252169 1774.785151 1814.893244 1736.851196 1648.458215
1800.603984 1825.782701 1851.623629 1815.142667 1809.234958 1848.526248 1927.473787 1855.088035 1829.005178 1878.625521 1806.747734 1911.329153 1925.411534 1952.963058 1910.265984 1725.233795 1843.914391 1692.484554 1883.568611 1915.835354 2020.011018 2011.920883 1984.373539 1999.109815 1851.322204 1813.742637 1776.581241 1725.596883 1786.538025 1742.070656
1824.244740 1861.862258 1755.126951 1857.565526 1817.913807 1872.416998 1938.620155 1820.362867 1902.891720 1856.344297 1852.863102 1863.401257 1922.283297 1866.988102 1989.229002 1888.372987 1907.637345 1735.346262 1917.219350 1920.438726 1980.860423 1967.916374 1996.026961 1973.533712 1812.294735 1772.684077 1738.656933 1692.608975 1635.086570 1731.182062
1785.181184 1791.959732 1712.640733 1823.936302 1697.205916 1864.345693 1938.128734 1884.131474 1921.702367 1792.985109 1906.695932 1900.326828 1911.160119 1962.674633 1964.335727 1900.890531 1881.748252 1755.222041 1910.511783 1829.984839 1943.318000 1927.892703 2066.311442 2012.939840 1801.280878 1864.273085 1744.730338 1753.573817 1811.469324 1638.146868
1760.534636 1904.571361 1773.724156 1716.944010 1769.669339 1807.560893 1852.348879 1872.188406 1820.892529 1786.277767 1885.924847 1986.324548 1850.037077 1986.225824 1967.533348 1963.835149 1815.190606 2030.860228 1934.004306 1936.407805 1986.807562 1912.540483 1971.256872 1963.102773 1824.716366 1767.765530 1788.859257 1739.842598 1720.542572 1757.665680
1879.958024 1789.313479 1746.393253 1858.178324 1790.651046 1799.247747 1993.013055 1868.994828 1862.536074 1835.378921 1960.854543 1909.529631 1949.965144 1946.136254 1890.955127 2057.205078 1931.324169 1903.993885 1865.199553 2022.922954 1906.530259 2022.347659 2039.959781 1987.770567 1714.564288 1754.850911 1794.952818 1771.722337 1700.580459 1708.445084
1858.915573 1741.124109 1755.753830 1797.557210 1818.800147 1674.755026 1928.571113 1921.414368 1835.456356 1854.470977 1884.108684 1905.855856 1929.561834 1996.278268 1884.930636 2030.513511 1891.115748 1851.677583 1971.080470 1927.614203 1968.214874 2020.404859 1949.076682 2102.758085 1771.869090 1750.955389 1650.502869 1818.709512 1747.824877 1699.983169
1854.146187 1827.686598 1803.342282 1761.167664 1712.169486 1770.744912 1872.149035 1958.350132 1937.978776 1948.488121 1808.804389 1817.391805 1895.180011 2039.271997 1872.003630 1921.869631 1984.543281 1989.477530 2041.794963 1948.990068 1891.447091 1920.123800 2004.674701 2081.756798 1686.000567 1855.276040 1669.818041 1727.753230 1786.119098 1731.001988
1732.527078 1837.419430 1750.848106 1770.237124 1787.329197 1874.334193 1892.186489 1799.101560 1821.645814 1786.191182 1914.855123 1775.639766 1928.268584 1908.471854 1942.114056 1918.560894 1875.581769 1890.112259 1910.141858 1997.317116 2016.404692 1970.490869 1995.103788 2013.079968 1770.478978 1803.703905 1784.362487 1745.701948 1772.693350 1609.312569
1812.192657 1694.009341 1782.181689 1714.041360 1758.447491 1763.603309 1854.660700 1901.740805 1825.529639 1787.337327 1814.547550 1861.366964 1941.513354 1911.503602 1865.565185 1963.982829 1942.725388 1772.787066 1930.952777 1947.398825 1781.719387 1940.629306 2010.760392 2110.144870 1775.980286 1760.994498 1731.545734 1665.452412 1764.775754 1704.818264
1790.548861 1819.601902 1739.832772 1691.489761 1663.398881 1774.582371 1950.532286 1841.222573 1860.727569 1891.709735 1844.212029 1929.371619 1895.223683 1898.567983 1934.535521 1986.019894 2025.458718 1939.510529 2008.255857 2033.790520 1904.666476 1951.858580 1977.557064 1988.315065 1900.690038 1778.544871 1758.704460 1772.476874 1756.621684 1702.527000
1794.378458 1805.251109 1799.667533 1723.855351 1763.468525 1826.159377 1904.161322 1955.066893 1876.180274 1927.237634 1836.003574 1876.172896 1991.511973 1921.691479 1906.781403 1946.558450 1843.441436 1837.375017 1815.818630 1981.910544 1982.902226 2047.259878 1935.616711 2027.587942 1876.959287 1777.720919 1712.250098 1731.435948 1756.524861 1726.425983
1824.775684 1806.273384 1831.445390 1841.785552 1760.958396 1701.897896 1810.490872 1845.732406 1764.777719 1839.847153 1874.931323 1825.457617 1850.201162 2060.814395 1867.800508 1799.102324 1862.316836 1955.620539 1964.400723 1893.314886 1951.223348 1996.875552 1882.521842 1911.088437 1916.368949 1816.958836 1726.983521 1805.379557 1608.738676 1707.772555
1805.440133 1761.884012 1724.209136 1723.383120 1781.820551 1854.497823 1880.871875 1892.784014 1762.855461 1877.975003 1829.142722 1863.891125 2038.931866 1920.082926 1922.772919 2063.301691 1864.535735 1885.512255 1966.681466 1982.962036 1971.451331 1889.007261 2052.855825 1951.848558 1775.201613 1767.754403 1791.339090 1704.265107 1746.228014 1708.830004
1840.724802 1680.173603 1770.054648 1764.552353 1720.042825 1939.029791 1862.334823 1954.938891 1779.691640 1862.316246 1885.289767 1872.673617 2020.748276 1953.494904 1926.379196 1880.771097 1961.145605 1881.084114 1871.295287 1940.880530 1965.613106 1925.407223 1999.797729 1880.646847 1811.696687 1798.123413 1798.075537 1808.481276 1688.165083 1720.061866
1851.861764 1763.138140 1793.519685 1834.961827 1783.858592 1824.934662 1755.701870 1866.768284 1771.853895 1800.606710 1838.828558 1802.109531 1953.683418 2040.225366 1868.477170 1872.858928 1851.584225 1743.072903 1953.127434 1953.810334 1884.110728 1966.170500 1929.516170 2006.094041 1820.296056 1761.606926 1887.769382 1701.601313 1844.688788 1749.350191
1865.555134 1787.277057 1793.496573 1795.933727 1772.055352 1729.678964 1846.895231 1697.498881 1791.405918 1969.773544 1852.198280 1922.556006 1950.807456 1920.123412 2002.675935 2017.346506 1795.322521 1910.244632 1877.232336 2053.260033 1925.798543 1983.032719 1978.419494 1901.038441 1791.990440 1821.360771 1784.149120 1781.453654 1723.817276 1723.552440
1841.371156 1847.949981 1766.819916 1849.118600 1825.261329 1897.209069 1879.921551 1882.999861 1858.121863 1783.650183 1971.967881 1823.610594 1865.871301 1855.105859 1977.219158 1902.477980 1844.237138 1778.330447 1972.051735 1938.445756 1907.941087 1852.653429 2126.954714 1879.540011 1825.900497 1780.868929 1689.948614 1717.236310 1807.076756 1744.828414
1827.582055 1833.678080 1746.853012 1836.374744 1788.521360 1797.506931 1843.467470 1796.687427 1811.787086 1860.922302 1854.827904 1906.429338 1891.790017 1865.558384 1920.721076 2009.419106 1836.236158 1951.202790 1938.977861 1948.421823 1965.075416 1937.989996 1996.567892 2029.547921 1665.890066 1828.319888 1723.009497 1732.514694 1739.851464 1688.739205
1822.635918 1821.194301 1864.749456 1993.716874 1704.329928 1842.468544 1874.563526 1807.305122 1874.223902 1807.078589 1857.400616 1772.726894 1786.484509 2014.453019 1992.371360 1915.530471 1781.359177 1941.244802 2044.436045 1946.397436 1886.721110 1997.697987 1930.026735 1956.363365 1882.543239 1772.807447 1786.639279 1711.084844 1849.320665 1726.806103
1812.359655 1855.896784 1873.410180 1831.386718 1780.418041 1803.074883 1931.581703 1920.482954 1875.460515 1766.216938 1813.624463 1829.938802 1930.255053 1979.606656 1914.084920 1860.701171 1863.030889 1830.832841 1924.581470 1918.057621 1991.629119 1970.392370 1924.723228 2003.458420 1810.119201 1690.196407 1759.565566 1781.038612 1753.137269 1670.571047
1752.025806 1727.864157 1774.109146 1769.771259 1643.567986 1858.957088 1928.426324 1998.952387 1801.562411 1958.505417 1822.038106 1786.402803 1926.259070 1893.631675 1883.567984 1983.336568 1805.985262 1874.699024 1934.443005 2055.595767 1940.378762 1923.097325 2056.612935 1982.560464 1836.415234 1754.059680 1697.450419 1711.643709 1726.033734 1634.731073
1840.127930 1778.822290 1791.904802 1774.473616 1858.611083 1804.836161 1929.051775 1776.774085 1865.854677 1853.849054 1878.641914 1931.150068 1944.015590 1999.217885 1924.286812 1897.388855 1892.776252 1876.205572 1927.513598 1902.506607 1919.357108 1886.453767 2000.588393 1932.695309 1768.320182 1721.433024 1742.065473 1713.013889 1648.931501 1683.071369
1855.996993 1739.189495 1847.886335 1854.997897 1773.885758 1783.202258 1839.079697 1885.251268 1712.180083 1874.578672 1839.222755 1968.728336 1923.314602 1881.953145 1995.715924 1910.310664 1931.903815 1906.443613 1911.211018 1892.839996 1922.123343 1895.057475 1992.233471 2116.711733 1727.817272 1798.441374 1677.664945 1731.313122 1711.807043 1597.534237
1760.194847 1853.090275 1870.146103 1853.163153 1902.063652 1783.459200 1844.694233 1905.659237 1852.828126 1855.558956 1843.585009 1814.996297 1914.729533 1952.202795 1946.555234 1949.809258 1856.788252 1807.250483 1897.467770 1946.616095 2070.192811 1912.185377 2086.555351 1955.436953 1673.329702 1768.953628 1752.823030 1673.898743 1832.446185 1713.551211
1881.413009 1762.509871 1788.020804 1828.649406 1741.610810 1771.648049 1911.536987 1906.324092 1879.223763 1851.845712 1875.161335 1808.253243 1891.678250 1958.238029 1995.652755 1884.268218 1893.190873 1901.853483 1984.077652 2033.747389 1907.419669 1938.078615 1995.421224 1921.246445 1756.753323 1785.532094 1730.838248 1692.933700 1731.973027 1678.072128
1849.670501 1755.177789 1822.705230 1758.503223 1725.858703 1786.492655 1845.720720 1887.972195 1755.240968 1919.895842 1808.182936 1799.180938 2073.614205 1906.825329 2000.528827 1927.079831 1849.511250 1982.492374 1891.250063 1976.630410 1891.650171 1953.717225 1992.703089 1927.116544 1715.727528 1882.605165 1731.072965 1708.392004 1686.232588 1708.691773
1898.802176 1802.782742 1749.068545 1789.588073 1770.662578 1748.644275 1947.429802 1913.295722 1856.518036 1878.210755 1855.869009 1839.213010 1994.357778 1876.779677 1966.360742 1829.208125 1852.616285 1864.813426 1906.790413 1917.954972 1927.250886 1903.714570 2001.195271 2059.557799 1811.330229 1875.536063 1752.634271 1744.402466 1791.264937 1729.663818
1807.879540 1887.392949 1810.140359 1822.073572 1845.964735 1764.150801 1860.323242 1873.186877 1806.957612 1858.498598 1822.596054 1816.002212 1946.437062 1954.064188 1926.840246 1747.744169 1976.591740 1767.226283 1961.559364 1939.153213 1972.039922 1873.096422 2021.200571 1872.428799 1787.636827 1752.839510 1608.291838 1767.452632 1712.565140 1658.540504
1875.153841 1714.615882 1901.353276 1866.924159 1716.033127 1883.394326 1848.462804 1839.017768 1847.142119 1937.933936 1792.849697 1752.452815 2012.788422 1909.958700 1919.506983 1884.283254 1917.371332 1869.297625 1811.509206 1865.640735 1933.892267 1816.575275 2025.639824 2040.744031 1845.546377 1800.517190 1722.606228 1673.709093 1839.604229 1710.916790
1876.526752 1712.048497 1843.747499 1720.964292 1721.107291 1840.358515 1934.541250 2006.993632 1737.452103 1861.867571 1854.848306 1819.700604 1822.836532 1819.635160 1992.689616 1879.653166 2017.996472 1759.936444 1879.870092 1905.285850 2056.943753 1908.374523 2091.953365 1999.579849 1747.112309 1811.506734 1837.527272 1689.124813 1691.836570 1721.576987
1812.512622 1805.086435 1750.856496 1807.436499 1632.324176 1786.692217 1920.445256 1826.063672 1865.383760 1822.568334 1878.539669 1773.651995 1935.842847 1912.352053 1924.294108 1929.742887 2002.525015 1899.506051 1921.336545 1925.467854 1856.484633 1920.233592 2058.347120 1994.942256 1770.434124 1774.232375 1737.582146 1678.665047 1775.589822 1694.904449
1879.844237 1702.311466 1845.120982 1829.946909 1818.836410 1859.533678 1958.583363 1873.606643 1798.314578 1874.175041 1796.809326 1886.782708 1849.436319 1853.558145 1900.939274 1845.994189 1800.757105 1892.240229 1891.458064 1963.100430 1955.952197 1940.459989 1915.210022 2010.140889 1754.749397 1731.290830 1696.481499 1732.170961 1722.026863 1676.858827
1863.814768 1833.371697 1825.893547 1761.303069 1866.170287 1720.089229 2001.221716 1818.151121 1886.381077 1891.249944 1950.418103 1872.599693 1929.705579 1941.381999 2040.290677 1816.900656 1761.507892 1840.549794 1879.983909 1913.070756 1837.819725 1963.418704 2032.796508 2056.591341 1820.226691 1857.886582 1808.053573 1776.085982 1777.600203 1617.129391
1808.647624 1842.643455 1771.383110 1767.831468 1823.967529 1904.797545 1908.447986 1842.961305 1870.453416 1837.111635 1909.500733 1862.073310 1896.627312 1971.733372 2022.753376 1912.273396 1945.290237 1895.876760 1897.358414 1955.389457 1936.637551 1964.063019 1967.675071 2024.543718 1792.401486 1824.063613 1745.346405 1776.330244 1611.797233 1769.001762
1809.578249 1800.905973 1896.723812 1655.873617 1701.927366 1725.177467 2012.791569 1965.534585 1865.758493 1885.631789 1853.192436 1904.193958 1876.613570 1897.338282 1896.798076 1938.472922 1917.812004 1946.660960 1973.159292 2008.144818 1923.733437 1994.294107 2008.852098 1983.700472 1926.049492 1810.145637 1729.553240 1645.054221 1683.181900 1666.006917
1903.508037 1827.166644 1871.345308 1807.433120 1764.494743 1795.319318 1972.313367 1804.529586 1823.340939 1790.567683 1829.289877 1696.519608 2048.758511 1966.378719 1939.505257 1955.729763 1891.171566 1951.650193 2027.288478 1933.985069 1961.140719 2017.084028 2063.533636 2012.453261 1752.679220 1850.791222 1832.859363 1821.254487 1776.917599 1671.916686
1827.132370 1856.732326 1765.541706 1831.441817 1862.893317 1840.318009 1865.460557 1842.788160 1752.341369 1880.120957 2039.601357 1767.861250 1971.682859 2023.385966 1948.715958 1926.303691 1842.021560 2033.402842 1936.851428 1980.313684 2005.860594 1959.598077 1905.510213 1975.223719 1792.882819 1760.380180 1769.643200 1702.134463 1782.269488 1696.003412
1853.248355 1752.713790 1940.855120 1750.967367 1901.511562 1800.485714 1876.248681 1938.183952 1748.304638 1892.382611 1895.125544 1992.380308 2009.879070 1911.691536 1917.538615 1911.610048 1897.554062 1951.368935 1942.458641 1952.257242 1862.343575 1957.390103 1999.170489 1972.431878 1789.848154 1747.222786 1633.569789 1819.073474 1760.178503 1737.182623
1894.595314 1839.602278 1785.336000 1820.035597 1831.319796 1798.741814 1974.586077 1821.797733 1893.786551 1878.249295 1912.558022 1945.587785 1846.644834 1839.736871 1932.908206 1848.931053 1864.784745 1828.239659 1987.559270 2012.787353 2007.338661 1899.407929 2117.883873 1993.973563 1715.966157 1780.873444 1697.514971 1789.864776 1774.094898 1679.888460
1808.241226 1812.231740 1866.104079 1767.339038 1842.410275 1768.820142 1949.535971 1815.293883 1754.198061 1943.092452 1938.633598 1983.673763 1919.677484 1951.038867 1892.492734 1823.110418 1961.797844 1770.710741 1903.390123 1895.383217 1984.238784 2020.247904 2048.872153 1926.786990 1868.758454 1842.382466 1792.028189 1799.542392 1672.611469 1708.168567
1766.148799 1762.709836 1720.698938 1887.557038 1800.329393 1791.797966 1911.663548 1858.524942 1872.687525 1886.273446 1826.818096 1815.817477 1910.850973 1939.873180 1930.143927 2006.115411 1832.261126 1829.927367 1932.535219 1897.096137 1925.608228 1904.955016 1891.700189 2030.879127 1730.792089 1792.947630 1864.371073 1756.935147 1792.108396 1702.415682
1878.907682 1722.503290 1799.219410 1759.207700 1883.646559 1879.271343 1848.722723 1887.344298 1851.580226 1862.898528 1826.942415 1871.440736 2046.559785 1913.738134 1916.536653 1863.231108 1830.535908 1866.087619 1865.023107 1849.356490 1976.783051 1870.274518 1986.536427 2016.499316 1848.146263 1773.207887 1813.577597 1789.300819 1774.617819 1736.580062
1883.936358 1748.606750 1886.190343 1791.686444 1767.505627 1810.217264 1949.804180 1919.847325 1817.272158 1908.391552 1814.884811 1965.656038 1872.291989 1888.331403 2017.219818 1864.741073 1899.886430 1873.705490 1814.507714 1881.113196 1955.080666 2008.985414 1952.973039 1972.713539 1805.137818 1791.276544 1704.517180 1762.447562 1747.921116 1717.618744
1904.636101 1820.067568 1835.861627 1844.410967 1715.638672 1839.893459 1824.389343 1816.738253 1724.143879 1871.420786 1944.161948 1882.794288 1964.380763 1878.400535 1934.460376 2042.237245 2039.803804 1854.217625 1965.500752 1939.716999 1811.716360 1982.703495 2013.930026 1987.188847 1882.345788 1731.154688 1686.530466 1755.969387 1764.794027 1721.866147
1815.708113 1771.786860 1734.634367 1817.258417 1691.441829 1827.362383 1892.269149 1966.493939 1769.460856 1857.216671 1996.077771 1870.219223 1961.407707 1904.154507 1954.017041 1871.001996 1940.708518 1777.287224 1884.688921 1963.832364 2048.209781 1963.788233 1938.308957 1916.058699 1876.211058 1834.453512 1711.325820 1760.074649 1711.895977 1719.389368
1838.378706 1900.272089 1833.689167 1794.137040 1883.881024 1893.832538 1998.946677 1848.021935 1757.129275 1956.839308 1898.271693 1889.795231 2021.838462 1904.467916 1947.725313 1871.575353 1838.541536 1974.951557 1878.632992 1961.377792 1847.558347 1945.644849 2056.812846 2016.674819 1797.819752 1821.610312 1789.592986 1664.745038 1799.140268 1658.108542
1753.246640 1941.756604 1859.794833 1844.278327 1762.467488 1914.854078 1872.564552 1846.681862 1862.527872 1913.778071 1909.461273 1820.068862 1940.713702 1804.569531 2066.300515 1857.268426 1973.824552 1898.903153 1843.541631 1954.852492 1841.091385 2017.467321 1946.405179 2046.610989 1714.819446 1781.205119 1784.981402 1706.302414 1727.821479 1695.394952
1844.223614 1808.830982 1686.418863 1935.395223 1844.591914 1914.196298 1970.635431 1828.376719 1845.243669 1773.865710 1879.632218 1939.885058 1926.960995 1983.070451 1914.906129 2018.210010 1946.587908 1910.275032 1974.104626 1999.115266 1873.237183 1897.799616 1993.911172 2026.777547 1776.407474 1807.101524 1786.385539 1754.091717 1748.365457 1586.268228
1939.666318 1715.257966 1851.356909 1712.005024 1781.897893 1749.910481 1930.283102 1785.047823 1819.807297 1870.399194 1845.558096 1783.995300 1897.895091 1960.566131 1962.093394 1730.830092 1826.244872 1915.567934 1866.852014 2036.720780 1904.475289 1889.871179 1955.401491 1900.255691 1777.642135 1769.761225 1811.813002 1819.960646 1714.756903 1742.831069
1825.632864 1852.424959 1856.586815 1739.319293 1762.368963 1841.328644 1902.767808 1843.213149 1806.729781 1934.476997 1914.917303 1783.668970 1993.850879 2003.707473 1959.042360 1810.348655 1909.773883 1774.336247 2094.311668 1886.087227 1993.242619 2015.288180 2033.516753 1917.213929 1720.274373 1722.429165 1812.664745 1701.806775 1713.115068 1621.668950
1884.256588 1767.285549 1800.494591 1896.146407 1598.888124 1889.534692 1824.693668 1736.536694 1794.369629 1885.198946 1780.188443 1850.768183 1948.457677 1836.275836 2028.088201 2040.706543 1949.165783 1891.222292 1815.086686 1949.060435 1912.248586 1971.827447 2135.697372 1899.925199 1847.443403 1846.354413 1725.676379 1642.835003 1691.952208 1735.799255
1802.272705 1821.053626 1821.986959 1837.037881 1815.597159 1784.879761 1846.361645 1831.542186 1872.005490 1872.722606 1956.354904 1938.227971 2053.253311 1981.247764 1948.378657 1919.831987 1744.903138 1890.385692 1838.262731 1982.507797 1935.585436 1854.775021 2054.022843 1917.946362 1851.260865 1787.406155 1771.999065 1805.395349 1693.075484 1671.882942
1745.206234 1727.669084 1916.134551 1730.582076 1712.506364 1778.059878 1964.594314 1931.557256 1882.918840 1774.772183 1810.045291 1934.212539 1923.288007 1951.399742 1931.368201 1898.189853 1816.780891 1860.858898 1996.956471 1916.348064 1873.201358 2018.549660 1984.442551 2096.988999 1803.697282 1803.349580 1711.963530 1640.978169 1811.749028 1631.744351
1844.931591 1810.831265 1754.262360 1786.523865 1803.319243 1860.734415 1873.653577 1817.480386 1762.238372 1931.864903 1877.722381 1903.129841 1892.127328 2042.884287 1890.806085 1899.811556 1825.400697 1885.160417 1959.920580 1917.350528 1905.330172 2059.868097 2046.451110 1979.965701 1784.864046 1793.205482 1743.636817 1750.287333 1721.424836 1718.162281
1697.328949 1732.057096 1863.096788 1873.553507 1738.116991 1730.941792 1980.283712 1772.890081 1922.962865 1821.559349 1844.842011 1901.442088 1856.835907 1907.755043 1972.532080 1890.422863 1881.798446 1938.950957 2022.686455 1985.263131 1901.199400 1898.997069 2053.915919 1969.162642 1752.377998 1726.502793 1819.743047 1719.834258 1594.400436 1689.333960
1884.594331 1791.531741 1781.815346 1831.389770 1810.879107 1865.748121 1836.672646 1930.163212 1832.586784 1942.860724 1878.454754 1915.315502 1939.921212 1945.516231 1968.766396 1955.472233 1872.053456 1799.840618 1927.183803 1908.370854 2081.270093 1944.339888 2054.829443 1967.680054 1839.667191 1807.034735 1738.705922 1814.456980 1738.582359 1619.155556
1711.969257 1764.068552 1801.388571 1800.739332 1715.905397 1793.227949 1917.940150 1843.432161 1868.876408 1870.179598 1846.854280 1919.334206 1965.963535 1902.766553 1990.685506 1950.329577 1955.637860 1960.657690 1986.951458 2019.733487 1897.418265 2007.693028 1992.893506 1972.626683 1776.841176 1827.826813 1776.166556 1763.091262 1749.874047 1682.228881
1813.841512 1758.991131 1739.076321 1855.779348 1747.904963 1698.049820 1859.675232 1890.460040 1842.305122 1869.861423 1866.045967 1797.003216 1897.534165 1984.627262 1969.462465 1956.318660 1989.774854 1860.795168 1876.007671 2084.959848 1938.897281 1883.046675 1945.703518 2038.238586 1780.315816 1863.144054 1806.332771 1762.772693 1753.582563 1619.061245
1871.566846 1783.792135 1644.867918 1713.861118 1722.447239 1877.457454 1834.150631 1737.060311 1799.012187 1906.354873 1844.032303 1884.517976 1879.895434 1801.390487 1943.913825 1934.129171 1911.998215 1886.096013 2011.014167 2033.155321 1899.933122 2074.273864 2003.469778 1927.784933 1759.999720 1760.997785 1762.025766 1773.366826 1879.353130 1632.158108
1845.847724 1839.216248 1727.669409 1819.900359 1800.236281 1892.113235 1818.603877 1909.812887 1771.005922 1958.302046 1897.298297 1856.376327 1947.987307 1926.659895 1898.203328 1806.199909 1921.074477 1935.038684 1861.223042 2073.837570 1896.492820 1902.316872 2027.558084 2003.297786 1817.350868 1711.658251 1776.646718 1647.736167 1660.607925 1649.067647
1899.492697 1789.742049 1892.880785 1861.109650 1773.541907 1740.115512 1945.928084 1851.520380 1705.914593 1764.374338 1891.976549 1735.280986 1981.451670 1897.458239 1918.472627 1877.210811 1834.376628 1856.668591 1972.904118 1860.309461 1950.730246 2009.549843 1913.877472 2001.895433 1709.627729 1830.782786 1785.336953 1657.789016 1723.017525 1667.692394
1769.893278 1797.119173 1799.305266 1739.427955 1770.344797 1833.635007 1896.447289 1897.437231 1833.462787 1808.307942 1821.260101 1828.285795 2075.129291 2051.018336 1928.637991 1911.424707 1894.036163 1753.174502 1941.420836 1993.387770 1960.196997 2023.795928 1980.817727 1941.350330 1778.092038 1770.345567 1711.233894 1740.638928 1825.278091 1764.781953
1924.638872 1771.451661 1782.160887 1813.604651 1700.959572 1746.297831 1865.590333 1893.429687 1850.696569 1874.882221 1841.148456 1890.768719 1865.882356 1981.954548 1870.677703 1948.740724 1934.076217 1891.073610 1924.891806 1905.230969 1895.112671 2023.227902 1850.981188 1941.451754 1781.973917 1787.717086 1703.687324 1758.095182 1744.877560 1672.085512
1960.357432 1832.817340 1669.979505 1737.742685 1747.230291 1829.282752 1859.802356 1907.641058 1835.745149 1779.578019 1878.728114 1774.358354 1980.661393 1875.703992 1926.087639 1901.360831 1957.614444 1883.453248 1987.018940 1931.643380 2058.753951 2002.034604 1902.186997 1949.630573 1824.346300 1814.866469 1787.621945 1828.286154 1743.117412 1636.829637
1856.002896 1864.548626 1782.028823 1712.421986 1824.259431 1804.484398 2028.412343 1977.559414 1714.018258 1866.848704 1852.809128 1794.327625 1934.582137 1853.384714 2025.358379 1910.450254 1876.859375 1876.869221 1895.579665 1957.023670 2039.980918 1949.979604 1997.625796 1933.807783 1775.280687 1681.356197 1705.410193 1707.633912 1779.396721 1731.806539
1823.535164 1835.062471 1755.918951 1779.913608 1725.107900 1849.970664 1952.073453 1829.047634 1868.450535 1882.865552 1913.074456 1862.663989 1893.779069 1995.692804 1837.021855 1891.813871 1836.699837 1739.203055 1929.216444 1892.942614 1986.359147 1888.978834 1878.378952 1936.476170 1760.388289 1773.452361 1665.279691 1715.608201 1745.475510 1783.318522
1694.729658 1757.142115 1802.553436 1867.047175 1739.584503 1797.638701 1900.631616 1906.755016 1804.024753 1916.842832 1941.723147 1855.618754 1893.544216 2019.311593 2013.698584 1919.783247 1823.395581 1957.032528 1970.473933 1987.426377 1908.527347 1993.235423 2145.029832 2015.469931 1741.960277 1755.639053 1696.545759 1761.089084 1732.535225 1628.223420
1811.731810 1834.867412 1816.533982 1786.674652 1796.675258 1834.866976 1887.661959 1781.549963 1800.807111 1899.634781 1906.827240 1813.939630 1940.243207 2021.722432 2001.134765 1935.409785 1937.715368 1910.376430 1917.942211 1954.466312 1954.575503 1902.361149 1931.213937 1997.384807 1784.875151 1697.372584 1780.741394 1708.128927 1692.976027 1759.908110
1918.026792 1783.018432 1769.365424 1813.266164 1712.981552 1939.462667 1934.716433 1886.163639 1931.290487 1874.521687 1874.461951 1797.022043 1950.441329 1910.898878 1914.893759 1958.532425 1938.765893 1912.794517 1969.441437 2069.112272 2002.363920 2031.393119 2108.990644 2020.836429 1806.250384 1766.906967 1783.619260 1748.095682 1768.347345 1636.789670
1846.785047 1862.097506 1909.747546 1926.399964 1792.614830 1852.858063 1957.299324 1789.387705 1787.348699 1893.585548 1905.039281 1901.530091 2028.111515 1950.635103 1933.489054 1977.068139 1939.093144 1948.931446 2001.072663 1859.543689 2042.389454 2075.538885 1958.101300 2001.294833 1751.359685 1832.853143 1722.042640 1703.932390 1697.550666 1656.106837
1920.639964 1882.606591 1847.821651 1861.244235 1742.222337 1888.205502 1913.615169 1960.094968 1837.920765 1774.492727 1854.434387 1803.105315 1879.620752 2004.860133 1921.959602 1821.011591 1907.748806 1942.902076 1995.985053 2045.014677 1934.691694 1928.174907 2051.643847 1955.746987 1845.263118 1783.351518 1763.446713 1778.072449 1641.195393 1644.664452
1708.882301 1845.646456 1763.922774 1811.053885 1743.507846 1836.526955 1895.459439 1882.438286 1772.503709 1844.056562 1779.177645 1835.832480 1887.899018 1979.946692 1892.578678 1891.132051 1861.819994 1951.107374 1997.940616 1995.063023 1938.426336 2018.548681 2054.517508 1904.237685 1722.617888 1748.925278 1759.479254 1752.844219 1683.087737 1719.315849
1870.216261 1831.537041 1751.902673 1817.484216 1819.080724 1910.472491 1910.898785 1838.582371 1770.037516 1929.643916 1873.200450 1905.044813 2035.359543 1881.430494 1984.362446 1959.409483 1958.581341 1947.336113 1847.014678 1995.385064 1895.103211 1980.070769 1994.737655 1994.587196 1892.628370 1769.301468 1687.675656 1747.567505 1765.708604 1650.240862
1818.037600 1805.999097 1763.844235 1706.529421 1724.982501 1939.473971 1998.202017 1958.757568 1865.165997 1953.014138 1933.825905 1829.391022 1881.706157 1930.495186 1943.089195 1922.608221 1865.856639 1850.431902 1931.395731 1917.569586 1947.280322 1987.169102 1934.073958 1951.088310 1862.052620 1658.250946 1706.609178 1683.448507 1762.839493 1685.812281
1802.167490 1859.586690 1811.097686 1700.139973 1683.408348 1821.771333 1949.787824 1807.214575 1816.012233 1910.302848 1829.454774 1857.273811 1966.786303 1995.764265 1944.469852 1943.525645 1861.829465 1982.373563 1910.009084 1969.452213 1920.728498 1888.635456 1997.325111 1989.101201 1825.621570 1736.675339 1852.918908 1655.816883 1791.250501 1779.272352
1721.066145 1782.364556 1927.920833 1709.105706 1799.395130 1836.698811 1933.119380 1859.671087 1811.060718 1853.663753 1882.863706 1876.838115 1934.200471 1908.297183 1969.914702 1974.534939 1865.061343 1876.631004 1836.828958 1907.722591 1973.468044 1838.526137 1927.469818 2063.811091 1788.045815 1781.776759 1785.787188 1684.550620 1748.237987 1644.150891
1822.988615 1885.425420 1923.297977 1845.290969 1806.952403 1763.558400 1847.257183 1964.290976 1937.225282 1790.198492 1873.555855 1825.864461 1971.249486 1864.358485 1927.463024 1914.699622 1780.671320 1906.295178 1955.527972 1877.683539 1906.508451 1931.736691 1994.323520 1969.055738 1872.639739 1773.814044 1750.869662 1751.344193 1735.046186 1684.646580
1824.523422 1825.226617 1746.032644 1713.173013 1752.286550 1932.802653 1833.655924 1844.307365 1853.994356 1853.077183 1815.092287 1797.674050 1981.992891 1994.413142 1972.165793 1841.612683 2022.459547 1916.204217 1997.867778 1998.253826 1942.889348 1952.148312 1935.478923 2002.728395 1891.991360 1860.147830 1765.543280 1794.067772 1661.977915 1739.284950
1774.166864 1729.810432 1727.522941 1816.984117 1732.219735 1843.945134 1862.820459 1801.957452 1801.848457 1903.441997 1734.832033 1903.572741 1848.433776 1978.813845 1930.846201 1984.974185 1877.840245 1811.555340 1875.478054 1895.433268 1936.056389 2019.910627 1964.780828 1994.088063 1714.305970 1773.907751 1816.188843 1664.327694 1755.466441 1744.847601
1768.080267 1776.284239 1889.025540 1916.436978 1766.555231 1840.188813 1924.864108 1826.100643 1971.671821 1878.932794 1790.229384 1936.622873 2016.763826 1815.523968 2005.903028 1914.313860 1809.649190 2036.437017 1957.280589 1939.232728 1916.861565 1948.640570 1885.229562 1916.243661 1851.664447 1766.332402 1720.370307 1671.825789 1730.954278 1620.552245
1788.478715 1846.203126 1911.791073 1755.540683 1715.279159 1820.452249 1823.190898 1893.205685 1919.938437 1909.968040 1776.007500 1760.707171 1998.978025 1982.955574 1879.133431 1999.537807 1953.990023 1831.511892 1992.757332 2105.211264 1963.928074 2011.292953 1923.578752 1981.921930 1895.124720 1768.671825 1757.895759 1709.120840 1776.380326 1785.382358
1776.797775 1845.588622 1867.612664 1879.913014 1828.180453 1870.080053 1838.112694 1825.967333 1836.595318 1875.680755 1900.404888 1816.649336 1887.514542 1835.436219 1980.933375 1876.650954 1775.322015 1923.656028 1999.490824 1946.776015 1917.707740 1915.858114 2016.890499 2037.393062 1806.627065 1780.229795 1849.037097 1655.706187 1792.699455 1770.013623
1891.185191 1811.578311 1898.409890 1743.411179 1814.177116 1676.190120 1877.574114 1891.365101 1881.891336 1796.503546 1843.515437 1855.492467 1915.970875 1962.019213 1861.651857 1914.477929 1836.560539 1826.490908 1785.622399 1912.874384 1804.977548 1913.251798 1951.484579 1957.509515 1780.926794 1730.744422 1754.424764 1729.230214 1774.774916 1692.554369
1817.421760 1866.427089 1842.390869 1794.033254 1829.594721 1775.011981 1921.012419 1866.285732 1801.879401 1863.692522 1818.561892 1860.997109 1982.793785 1967.329775 1864.578279 2044.120892 1866.017779 1905.594600 1873.537119 1979.442961 1908.813983 1945.142190 2037.712063 1847.442858 1761.391260 1805.357914 1826.903830 1666.631471 1706.026153 1740.842557
1868.061576 1846.206300 1749.871930 1861.309821 1746.364157 1831.279833 1978.058973 1926.269772 1830.268005 1815.697360 1763.593008 1732.261837 1832.058279 1973.746121 1866.333388 1932.116003 1903.162585 1986.421391 1936.663885 1817.487439 1926.800541 1954.510661 1987.667667 1886.992327 1727.239915 1680.465534 1746.658854 1724.657975 1769.495774 1673.937316
1815.801952 1770.345774 1851.410015 1842.695775 1749.278272 1858.526796 1765.576634 1852.025257 1844.168971 1828.253350 2024.380850 1907.028016 1898.809016 1866.304658 2038.382184 1753.344224 1824.586257 1801.638413 1923.307772 1918.223177 1892.145337 2071.936423 1973.241520 1966.984077 1738.947427 1866.287757 1700.720151 1751.805124 1733.231069 1678.834488
1879.506942 1845.013813 1876.401522 1873.912118 1717.484941 1861.549293 1868.585307 1921.554061 1832.811846 1911.378032 1829.081281 1790.007129 1939.586652 1834.798230 1937.973383 1996.516073 1870.694562 1857.451757 1937.778320 1973.459348 1923.152722 1951.065383 1920.997753 1950.091541 1683.692469 1791.056118 1808.755022 1713.635697 1756.738644 1696.962659
1952.145376 1782.478736 1837.669017 1876.629646 1877.809452 1784.298529 1836.978871 1821.119816 1901.401856 1849.955697 1804.105462 1851.700848 1819.470113 1918.056960 1863.420000 1781.334458 1878.498143 1952.367916 1789.373305 1991.054791 1914.173613 1943.394448 1976.996733 1882.956964 1821.138068 1786.567985 1754.310548 1702.858697 1666.003096 1713.904096
1824.758699 1861.252832 1800.539861 1724.193085 1798.605333 1813.486883 1903.001017 1790.477754 1803.036560 1813.446921 1814.994393 1783.550098 1890.194784 1921.485185 1899.876609 1897.546626 1815.555143 1771.036752 1999.673700 2010.531107 2007.764957 1934.514011 1932.620824 2042.854574 1716.522397 1773.255200 1802.602254 1680.663511 1724.941021 1648.125454
1812.419569 1819.918811 1898.154043 1736.037211 1732.913001 1789.237882 1761.845156 1875.925849 1917.261414 1873.310154 1847.374081 1882.549442 2028.545122 1984.166374 1948.469870 1914.428187 1897.851273 1934.702978 1890.236321 1972.093964 1923.241325 1973.080476 1878.603942 2007.543958 1799.231581 1728.219023 1701.676750 1745.723560 1768.886803 1618.128948
1746.946237 1856.235443 1951.489857 1748.280372 1821.910660 1910.427091 1906.954277 1857.690594 1854.877907 1963.112347 1903.549969 1737.738799 1904.992156 1951.637235 1955.702729 1829.908361 1850.189732 1774.520683 1907.420907 1932.192249 1801.182734 1942.551273 1874.639823 1954.284934 1747.190330 1724.618613 1724.563630 1649.621319 1751.156571 1656.543579
1922.928659 1810.550429 1776.184710 1722.471239 1781.373892 1893.300772 1985.036461 1854.284116 1839.712882 1871.667414 1907.628150 1895.739665 1891.682744 1876.668251 2026.412267 1806.979706 1879.839746 1879.530903 1914.603926 1954.411763 1984.158772 1965.399245 1932.499984 2011.137243 1689.962151 1667.705648 1735.733612 1802.981326 1709.333869 1738.932039
1785.636009 1774.383788 1779.645989 1759.689504 1743.362136 1904.558833 1897.803572 1786.573492 1807.835900 1881.034989 1772.229982 1771.108587 2006.373513 1946.026186 2050.363816 1992.628629 1866.297333 1934.562311 1927.898660 1986.271970 1876.764543 1873.423116 2089.168518 1900.772921 1798.903873 1855.733960 1827.097264 1779.440202 1645.734066 1660.671832
1944.442405 1886.423867 1849.264354 1784.141587 1870.886764 1838.792982 1901.717927 1865.758827 1852.134511 1853.260004 1927.653719 1927.753959 1985.508660 1950.464747 1914.443045 1891.026806 1939.205432 1913.203073 2001.677547 1946.443469 1936.192462 1894.309256 2124.507959 1963.165568 1841.113521 1788.145578 1701.559351 1673.671694 1648.632796 1682.914538
1873.931592 1851.779241 1831.009831 1816.816343 1747.471671 1839.233325 1905.475909 1921.346592 1822.699868 1868.443289 1907.598927 1886.579737 1825.952035 1948.043820 1889.763009 2055.900755 1881.285531 1824.455909 1970.098693 1956.638632 1864.850998 1984.654182 2048.721153 2009.281264 1769.352652 1740.767662 1743.957201 1727.972121 1757.723050 1710.115752
1873.120979 1834.458339 1862.445626 1769.949209 1777.835528 1810.628434 1865.075413 1884.754582 1766.977499 1860.927632 1865.644152 1859.748736 1971.020844 1878.567330 1892.129875 1891.803229 1914.674237 1900.957647 1891.170221 1937.157390 2044.445735 2028.858050 2048.467599 1896.747763 1775.720262 1640.833105 1674.921642 1800.856685 1649.631868 1794.754175
1848.544184 1850.431718 1881.457926 1864.659485 1808.107521 1892.916485 1911.518904 1947.653339 1875.275809 1838.463162 1884.406475 1874.577852 1962.943400 1880.395866 1945.818809 1861.996793 1846.908513 1895.203929 1982.958241 1933.163755 1930.071977 1965.339935 1990.804123 2003.080091 1917.536030 1784.760290 1723.873661 1662.128401 1704.476309 1700.967629
1961.486615 1737.967690 1876.905511 1806.562986 1850.229864 1924.404786 1915.808243 1850.595536 1813.095141 1866.008060 1873.951464 1894.049086 1998.172571 2028.627423 1942.379897 1854.465961 1901.444271 1791.386244 1839.631178 1933.758567 1988.985922 1925.254618 2049.343613 1969.922446 1754.305136 1759.451663 1774.033340 1783.351492 1679.937157 1780.894504
1842.479387 1834.555030 1823.259977 1826.808790 1781.145757 1926.890235 1945.213553 1842.810730 1868.523682 1931.345753 1872.023413 1861.157356 1907.787468 1979.307630 2097.630153 1858.644071 1905.905925 1785.509527 1849.705442 1869.804117 1982.507154 1903.447118 2000.510733 1910.254310 1851.376050 1758.701432 1698.007482 1705.698412 1762.151470 1636.922324
1805.939557 1872.128219 1806.104548 1777.143794 1752.720154 1827.189792 1975.938022 1811.367463 1815.722832 1832.018559 1946.858383 1887.454570 1961.582026 1941.759612 1988.822341 1918.685683 1847.101791 1911.487468 1909.715425 2007.503820 2021.698843 1860.043861 1987.917651 1990.502841 1828.971109 1790.151510 1747.510551 1832.894224 1659.993946 1704.345430
1898.765100 1766.437460 1824.618238 1780.977896 1785.943318 1709.620147 1769.452970 1801.398639 1844.043693 1887.293214 1829.881813 1865.936142 1883.337852 1974.501037 1988.855396 1867.211971 1980.893620 1829.111526 2015.339390 1891.088782 1931.156170 2023.753985 2072.718709 2051.625340 1806.047828 1705.344238 1789.054182 1656.373813 1727.990906 1666.179816
1794.268463 1754.130829 1859.084484 1799.803794 1787.469036 1860.583854 1879.583240 1831.946548 1817.576513 1883.030913 1856.876772 1860.574863 1918.319455 1915.857903 1960.117591 1873.522693 1943.108678 1849.586070 1950.106197 1861.437311 1877.558045 1970.307646 2031.559908 2047.400602 1865.559499 1739.701875 1714.767786 1647.027454 1789.485776 1776.075835
1861.052544 1782.486677 1838.493678 1842.041801 1779.113329 1844.134727 1776.682405 1893.428126 1789.163675 1811.357236 1865.131651 1841.926554 2054.244535 1886.169836 2015.587005 2043.615877 1939.454474 1907.133601 1906.983641 1935.259023 1844.723604 2071.922351 1893.683483 1993.198979 1785.269557 1681.586228 1772.652102 1711.226532 1720.233386 1756.995142
1811.298441 1884.630290 1887.532860 1846.508977 1793.103192 1879.121029 2009.022238 1883.719548 1767.376180 1966.923128 1861.515701 1784.063749 1961.249289 1866.468193 1964.612362 1942.043849 1879.733031 1883.995959 1912.198724 1920.002156 1942.202113 2022.564478 1922.140043 1980.072200 1859.648355 1745.559067 1778.476029 1782.061897 1711.604325 1779.181021
1834.829822 1851.172909 1688.053182 1807.496727 1784.941333 1775.163961 1878.062624 1935.482569 1898.047984 1833.620919 1862.483493 1851.866218 1949.264476 1879.213999 1886.138736 1943.968939 1900.270673 1914.228510 1847.204589 1960.970397 1992.486146 1996.428262 1859.351223 1893.495318 1740.475298 1786.094631 1757.373527 1680.798222 1776.461831 1753.456527
1871.151168 1886.011680 1827.857195 1933.293311 1839.972269 1820.144046 1904.388277 1838.497170 1872.625459 1878.534866 1802.002293 1875.651734 1982.787182 1949.709687 1953.994899 1881.454958 1938.826517 1846.575420 1889.085404 1989.802495 1847.112087 1884.288991 1986.115635 1937.120744 1830.122377 1749.035778 1649.974771 1710.534090 1811.886819 1693.891950
1857.192600 1787.522368 1855.739520 1855.105908 1790.615301 1792.538391 1871.328339 1861.450647 1766.839328 1772.943829 1810.355810 1898.795546 2024.317308 1747.414210 1874.244849 1982.408048 1866.460287 1987.475977 1913.904488 1945.893248 1930.396435 1902.253606 2137.698020 2017.173868 1761.327580 1744.225299 1775.209946 1675.856351 1717.051805 1805.597932
1928.896606 1901.595861 1703.283737 1805.511331 1790.393040 1885.325778 1941.360917 1893.751673 1741.986869 1903.378960 1923.924245 1911.071346 1991.583668 1896.089000 1957.720506 1937.325616 1917.178817 1873.703543 1849.690130 2006.058758 1987.999515 1905.340306 1930.318276 1974.973581 1809.880871 1693.364856 1783.847034 1733.837105 1726.337469 1720.303101
1835.689110 1815.498786 1779.593044 1771.138272 1814.576280 1880.047883 1902.433214 1948.245696 1883.864971 1867.553262 1800.602372 1840.083469 1933.389855 1923.221939 1897.353822 1900.488509 1950.764480 1881.874581 1936.317290 1895.280599 1964.725755 1996.885102 2009.433718 1943.677711 1896.221865 1801.485972 1800.120781 1720.505162 1717.756405 1732.288955
1882.220509 1902.746386 1787.092478 1797.616275 1781.531058 1832.997239 1926.993830 1804.615943 1786.706834 1949.639184 1844.034771 1845.964367 1880.632254 1855.220718 1878.104070 1823.794546 1968.191160 1872.302637 1953.455684 1973.223991 1930.318653 1960.062056 1949.633249 1934.463768 1815.808623 1787.498618 1701.568224 1788.133578 1741.151532 1655.035975
1815.716885 1874.700966 1875.809578 1785.548302 1737.075622 1791.429344 1918.054535 2054.535512 1907.218629 1832.202345 1957.293901 1788.759004 1975.341534 1911.021772 1894.563801 1811.838776 1940.852121 1938.553393 1929.105776 2044.393745 1847.157279 2010.969113 1887.632298 1973.637291 1769.450005 1786.623809 1727.788445 1710.460137 1692.835429 1609.238236
1763.902282 1790.755191 1817.156266 1776.441202 1804.342922 1792.663218 1894.633288 1882.401136 1827.726270 1892.391393 1943.436312 1844.310536 1955.210901 1932.612823 1857.659042 2039.040384 1929.338294 1863.606328 1863.173947 1944.521422 1954.103219 1970.534257 1981.580149 2023.030283 1837.430609 1765.389954 1754.574250 1732.785362 1760.647884 1667.652400
1773.638804 1799.125165 1772.177446 1718.264460 1770.479267 1846.960157 2004.502879 1948.097577 1892.557630 1914.230112 1748.538363 1853.278567 1939.468816 1888.860351 1941.116501 1830.599557 1833.340642 1841.586037 1904.919991 1946.264029 1867.229072 1969.769996 1974.446144 1965.415373 1750.117466 1822.509495 1774.350791 1719.480686 1736.420187 1656.021937
1893.805257 1751.765043 1793.211097 1816.467909 1774.107500 1829.054195 1865.575307 1930.686433 1746.734552 1875.388188 1788.731186 1778.147201 1961.997396 1874.246156 1955.896787 2042.729828 1886.244009 1931.415584 1985.667178 2005.306940 1955.185447 2001.908409 1948.064323 2020.234955 1802.678871 1870.693771 1729.820688 1753.790874 1704.433647 1763.899710
1798.068375 1733.436763 1786.197558 1829.318245 1728.409965 1848.709044 1964.808682 1841.833374 1765.322335 1897.948499 1768.974613 1859.082377 2001.428878 1941.409477 1922.357520 1930.201461 1955.121275 1741.759251 1969.823014 1893.977398 1934.354685 2011.903449 1992.091991 1950.203494 1827.048276 1801.816249 1689.217579 1733.103680 1650.113817 1691.761798
1783.110923 1937.117550 1889.727047 1733.002423 1697.505522 1869.700526 1799.272971 1772.394590 1837.474745 1884.648587 1933.428895 1860.796226 2095.256739 1971.139271 1897.740262 1864.872060 1943.157712 1883.501023 1986.313373 1970.066852 1947.407857 1954.595595 1925.461801 1931.278394 1825.424483 1909.222731 1686.490643 1707.599662 1662.984443 1715.056687
1905.982294 1806.812201 1798.154570 1704.414603 1757.706834 1823.320367 1758.076650 1835.082723 1736.766987 1872.118090 1835.755380 1877.585011 1995.315089 1926.343810 1938.118816 1934.708198 1964.624885 1852.723478 1867.697699 1864.927029 1864.553179 1952.570805 1985.894820 1965.697239 1814.386632 1768.509127 1711.704051 1756.272191 1688.582622 1738.529716
1788.678562 1778.768082 1790.498447 1833.499208 1805.517283 1926.272138 1832.566687 1749.878630 1856.359464 1879.887518 1825.991691 1920.589812 1972.243021 1984.497339 1912.832211 1945.141401 1948.660123 1813.333211 1830.352735 1983.738014 1868.929520 1829.318642 1998.568159 1993.614503 1733.675833 1802.734377 1742.116727 1670.311701 1685.113173 1765.828779

