332    1
333    2
334    3
335    4
336    5
337    6
338    7
339    8
340    9
341    10
342    11
343    12
344    13
345    14
346    15
347    16
348    17
349    18
350    19
351    20
352    21
353    22
354    23
355    24
356    25
357    26
358    27
359    28
360    29
361    30
362    31
363    32
364    33
365    34
366    35
367    36
368    37
369    38
370    39
371    40
372    41
373    42
374    43
375    44
376    45
377    46
378    47
379    48
380    49
381    50
382    51
383    52
384    53
385    54
386    55
387    56
388    57
389    58
390    59
391    60
392    61
393    62
394    63
395    64
396    65
397    66
398    67
399    68
400    69
401    70
402    71
403    72
404    73
405    74
406    75
407    76
408    77
409    78
410    79
411    80
412    81
413    82
414    83
415    84
416    85
417    86
418    87
419    88
420    89
421    90
422    91
423    92
424    93
425    94
426    95
427    96
428    97
429    98
430    99
431    100
432    101
433    102
434    103
435    104
436    105
437    106
438    107
439    108
440    109
441    110
442    111
443    112
444    113
445    114
446    115
447    116
448    117
449    118
450    119
451    120
452    121
453    122
454    123
455    124
456    125
457    126
458    127
459    128
460    129
461    130
462    131
463    132
